1	M	0.994	0.006
2	N	0.997	0.004
3	N	0.999	0.001
4	Q	0.994	0.007
5	R	0.986	0.014
6	K	0.970	0.031
7	K	0.982	0.017
8	A	0.987	0.011
9	K	0.983	0.018
10	N	0.988	0.014
11	T	0.980	0.025
12	P	0.976	0.029
13	F	0.972	0.027
14	N	0.963	0.030
15	M	0.960	0.032
16	L	0.950	0.046
17	K	0.934	0.067
18	R	0.923	0.080
19	E	0.903	0.096
20	R	0.882	0.113
21	N	0.845	0.130
22	R	0.832	0.156
23	V	0.825	0.171
24	S	0.774	0.179
25	T	0.729	0.174
26	V	0.684	0.181
27	Q	0.664	0.200
28	Q	0.626	0.192
29	L	0.583	0.210
30	T	0.506	0.204
31	K	0.402	0.158
32	R	0.360	0.158
33	F	0.352	0.132
34	S	0.288	0.132
35	L	0.304	0.127
36	G	0.310	0.136
37	M	0.325	0.138
38	L	0.328	0.142
39	Q	0.268	0.148
40	G	0.260	0.153
41	R	0.236	0.146
42	G	0.210	0.137
43	P	0.170	0.096
44	L	0.160	0.095
45	K	0.139	0.084
46	L	0.114	0.070
47	F	0.099	0.054
48	M	0.080	0.036
49	A	0.069	0.028
50	L	0.069	0.032
51	V	0.070	0.033
52	A	0.076	0.035
53	F	0.093	0.043
54	L	0.113	0.054
55	R	0.143	0.077
56	F	0.193	0.117
57	L	0.265	0.161
58	T	0.366	0.188
59	I	0.525	0.194
60	P	0.515	0.188
61	P	0.506	0.149
62	T	0.513	0.114
63	A	0.463	0.108
64	G	0.446	0.160
65	I	0.400	0.168
66	L	0.369	0.182
67	K	0.312	0.152
68	R	0.266	0.094
69	W	0.271	0.093
70	G	0.262	0.109
71	T	0.297	0.132
72	I	0.328	0.167
73	K	0.309	0.141
74	K	0.325	0.135
75	S	0.305	0.128
76	K	0.264	0.116
77	A	0.244	0.112
78	I	0.242	0.129
79	N	0.253	0.145
80	V	0.242	0.121
81	L	0.246	0.107
82	R	0.265	0.109
83	G	0.302	0.145
84	F	0.376	0.180
85	R	0.425	0.187
86	K	0.474	0.224
87	E	0.464	0.213
88	I	0.478	0.210
89	G	0.383	0.164
90	R	0.300	0.134
91	M	0.280	0.139
92	L	0.262	0.122
93	N	0.242	0.113
94	I	0.245	0.110
95	L	0.255	0.117
96	N	0.257	0.098
97	R	0.295	0.111
98	R	0.319	0.115
99	R	0.332	0.111
100	R	0.322	0.093
101	S	0.291	0.074
102	A	0.251	0.061
103	G	0.191	0.040
104	M	0.176	0.042
105	I	0.156	0.043
106	I	0.136	0.043
107	M	0.134	0.041
108	L	0.140	0.040
109	I	0.145	0.041
110	P	0.157	0.039
111	T	0.186	0.052
112	V	0.228	0.073
113	M	0.245	0.078
114	A	0.242	0.072
115	F	0.258	0.083
116	H	0.271	0.099
117	L	0.289	0.114
118	T	0.296	0.131
119	T	0.340	0.145
120	R	0.385	0.152
121	N	0.426	0.167
122	G	0.437	0.157
123	E	0.385	0.135
124	P	0.345	0.105
125	H	0.310	0.082
126	M	0.310	0.092
127	I	0.285	0.085
128	V	0.240	0.095
129	S	0.248	0.117
130	R	0.245	0.108
131	Q	0.241	0.099
132	E	0.224	0.088
133	K	0.199	0.057
134	G	0.200	0.042
135	K	0.191	0.042
136	S	0.178	0.051
137	L	0.175	0.061
138	L	0.170	0.065
139	F	0.167	0.064
140	K	0.164	0.050
141	T	0.185	0.064
142	E	0.194	0.075
143	D	0.175	0.056
144	G	0.161	0.052
145	V	0.151	0.058
146	N	0.147	0.061
147	M	0.147	0.065
148	C	0.152	0.079
149	T	0.138	0.071
150	L	0.115	0.054
151	M	0.101	0.043
152	A	0.099	0.042
153	M	0.119	0.060
154	D	0.134	0.074
155	L	0.147	0.083
156	G	0.157	0.088
157	E	0.183	0.102
158	L	0.203	0.107
159	C	0.191	0.098
160	E	0.168	0.077
161	D	0.145	0.058
162	T	0.118	0.051
163	I	0.107	0.047
164	T	0.088	0.038
165	Y	0.080	0.039
166	K	0.076	0.046
167	C	0.077	0.042
168	P	0.077	0.037
169	L	0.073	0.025
170	L	0.077	0.026
171	R	0.078	0.030
172	Q	0.095	0.037
173	N	0.120	0.059
174	E	0.119	0.068
175	P	0.116	0.068
176	E	0.108	0.064
177	D	0.096	0.053
178	I	0.071	0.034
179	D	0.058	0.028
180	C	0.050	0.022
181	W	0.045	0.019
182	C	0.047	0.020
183	N	0.055	0.023
184	S	0.066	0.026
185	T	0.078	0.027
186	S	0.091	0.039
187	T	0.119	0.062
188	W	0.161	0.079
189	V	0.160	0.075
190	T	0.141	0.059
191	Y	0.144	0.048
192	G	0.149	0.049
193	T	0.165	0.060
194	C	0.195	0.064
195	T	0.245	0.080
196	T	0.365	0.128
197	M	0.453	0.169
198	G	0.452	0.172
199	E	0.451	0.155
200	H	0.464	0.164
201	R	0.453	0.157
202	R	0.430	0.156
203	E	0.409	0.150
204	K	0.332	0.110
205	R	0.276	0.091
206	S	0.217	0.069
207	V	0.203	0.071
208	A	0.188	0.067
209	L	0.170	0.060
210	V	0.158	0.051
211	P	0.139	0.038
212	H	0.133	0.036
213	V	0.134	0.037
214	G	0.137	0.037
215	M	0.151	0.049
216	G	0.156	0.049
217	L	0.154	0.044
218	E	0.160	0.051
219	T	0.192	0.082
220	R	0.203	0.085
221	T	0.206	0.089
222	E	0.215	0.094
223	T	0.234	0.081
224	W	0.304	0.120
225	M	0.330	0.133
226	S	0.355	0.137
227	S	0.279	0.076
228	E	0.233	0.078
229	G	0.224	0.084
230	A	0.197	0.076
231	W	0.193	0.071
232	K	0.174	0.063
233	H	0.135	0.041
234	V	0.103	0.036
235	Q	0.073	0.027
236	R	0.067	0.024
237	I	0.065	0.020
238	E	0.062	0.025
239	T	0.058	0.023
240	W	0.056	0.021
241	I	0.052	0.020
242	L	0.053	0.023
243	R	0.055	0.027
244	H	0.063	0.036
245	P	0.064	0.036
246	G	0.065	0.036
247	F	0.069	0.038
248	T	0.070	0.039
249	M	0.076	0.042
250	M	0.076	0.039
251	A	0.074	0.036
252	A	0.071	0.032
253	I	0.069	0.030
254	L	0.067	0.026
255	A	0.064	0.021
256	Y	0.064	0.020
257	T	0.058	0.019
258	I	0.058	0.020
259	G	0.059	0.022
260	T	0.064	0.023
261	T	0.068	0.022
262	H	0.070	0.022
263	F	0.068	0.021
264	Q	0.058	0.018
265	R	0.054	0.016
266	A	0.052	0.016
267	L	0.049	0.018
268	I	0.046	0.018
269	F	0.053	0.020
270	I	0.067	0.033
271	L	0.072	0.035
272	L	0.077	0.032
273	T	0.089	0.031
274	A	0.105	0.027
275	V	0.122	0.031
276	T	0.144	0.034
277	P	0.156	0.033
278	S	0.174	0.042
279	M	0.184	0.063
280	T	0.208	0.084
281	M	0.204	0.084
282	R	0.178	0.079
283	C	0.166	0.071
284	I	0.150	0.058
285	G	0.157	0.053
286	M	0.181	0.062
287	S	0.195	0.064
288	N	0.212	0.071
289	R	0.212	0.058
290	D	0.210	0.087
291	F	0.187	0.089
292	V	0.163	0.067
293	E	0.146	0.047
294	G	0.163	0.050
295	V	0.146	0.033
296	S	0.118	0.025
297	G	0.102	0.023
298	G	0.105	0.031
299	S	0.102	0.033
300	W	0.101	0.035
301	V	0.083	0.025
302	D	0.074	0.023
303	I	0.063	0.015
304	V	0.057	0.013
305	L	0.057	0.015
306	E	0.058	0.014
307	H	0.065	0.019
308	G	0.074	0.022
309	S	0.090	0.024
310	C	0.117	0.032
311	V	0.126	0.032
312	T	0.145	0.040
313	T	0.184	0.039
314	M	0.226	0.051
315	A	0.227	0.052
316	K	0.207	0.044
317	N	0.206	0.058
318	K	0.194	0.062
319	P	0.166	0.057
320	T	0.135	0.042
321	L	0.104	0.030
322	D	0.092	0.024
323	F	0.106	0.036
324	E	0.117	0.052
325	L	0.125	0.056
326	I	0.116	0.051
327	K	0.121	0.057
328	T	0.139	0.075
329	E	0.150	0.072
330	A	0.162	0.063
331	K	0.162	0.056
332	Q	0.164	0.052
333	P	0.180	0.059
334	A	0.196	0.066
335	T	0.196	0.063
336	L	0.205	0.065
337	R	0.204	0.066
338	K	0.238	0.090
339	Y	0.283	0.104
340	C	0.306	0.110
341	I	0.324	0.109
342	E	0.317	0.105
343	A	0.384	0.116
344	K	0.373	0.110
345	L	0.426	0.121
346	T	0.409	0.124
347	N	0.449	0.129
348	T	0.479	0.127
349	T	0.521	0.124
350	T	0.554	0.134
351	E	0.602	0.124
352	S	0.605	0.102
353	R	0.654	0.076
354	C	0.704	0.085
355	P	0.652	0.107
356	T	0.710	0.088
357	Q	0.705	0.087
358	G	0.691	0.122
359	E	0.694	0.114
360	P	0.662	0.147
361	S	0.661	0.141
362	L	0.631	0.105
363	N	0.585	0.129
364	E	0.553	0.139
365	E	0.520	0.151
366	Q	0.502	0.145
367	D	0.450	0.140
368	K	0.374	0.154
369	R	0.298	0.148
370	F	0.269	0.120
371	V	0.218	0.087
372	C	0.204	0.078
373	K	0.170	0.066
374	H	0.143	0.047
375	S	0.145	0.047
376	M	0.133	0.034
377	V	0.126	0.028
378	D	0.129	0.033
379	R	0.121	0.026
380	G	0.115	0.026
381	W	0.117	0.029
382	G	0.104	0.035
383	N	0.105	0.047
384	G	0.106	0.056
385	C	0.104	0.064
386	G	0.090	0.053
387	L	0.081	0.049
388	F	0.076	0.042
389	G	0.065	0.034
390	K	0.056	0.027
391	G	0.051	0.023
392	G	0.047	0.020
393	I	0.045	0.018
394	V	0.045	0.016
395	T	0.049	0.018
396	C	0.055	0.021
397	A	0.059	0.025
398	M	0.075	0.023
399	F	0.099	0.026
400	R	0.120	0.035
401	C	0.146	0.045
402	K	0.137	0.038
403	K	0.194	0.047
404	N	0.292	0.085
405	M	0.359	0.127
406	E	0.335	0.109
407	G	0.315	0.122
408	K	0.258	0.096
409	V	0.231	0.079
410	V	0.212	0.069
411	Q	0.181	0.058
412	P	0.157	0.046
413	E	0.152	0.043
414	N	0.151	0.051
415	L	0.151	0.054
416	E	0.142	0.059
417	Y	0.143	0.059
418	T	0.144	0.060
419	I	0.152	0.062
420	V	0.150	0.059
421	I	0.148	0.058
422	T	0.140	0.058
423	P	0.159	0.065
424	H	0.204	0.086
425	S	0.250	0.112
426	G	0.255	0.114
427	E	0.259	0.116
428	E	0.270	0.113
429	H	0.299	0.104
430	A	0.310	0.104
431	V	0.290	0.085
432	G	0.263	0.075
433	N	0.272	0.062
434	D	0.288	0.075
435	T	0.268	0.069
436	G	0.238	0.070
437	K	0.268	0.070
438	H	0.263	0.059
439	G	0.286	0.063
440	K	0.282	0.088
441	E	0.267	0.084
442	I	0.268	0.080
443	K	0.255	0.069
444	I	0.315	0.078
445	T	0.320	0.108
446	P	0.321	0.127
447	Q	0.349	0.140
448	S	0.385	0.149
449	S	0.424	0.164
450	I	0.461	0.176
451	T	0.394	0.172
452	E	0.391	0.168
453	A	0.351	0.164
454	E	0.304	0.147
455	L	0.274	0.137
456	T	0.252	0.135
457	G	0.240	0.132
458	Y	0.246	0.139
459	G	0.218	0.111
460	T	0.231	0.102
461	V	0.248	0.105
462	T	0.257	0.098
463	M	0.285	0.105
464	E	0.294	0.121
465	C	0.292	0.129
466	S	0.265	0.122
467	P	0.251	0.111
468	R	0.205	0.076
469	T	0.165	0.054
470	G	0.132	0.036
471	L	0.114	0.033
472	D	0.097	0.027
473	F	0.086	0.029
474	N	0.080	0.031
475	E	0.074	0.029
476	M	0.071	0.024
477	V	0.074	0.021
478	L	0.078	0.015
479	L	0.078	0.020
480	Q	0.079	0.022
481	M	0.075	0.023
482	E	0.068	0.020
483	N	0.064	0.021
484	K	0.059	0.021
485	A	0.055	0.021
486	W	0.052	0.019
487	L	0.044	0.016
488	V	0.037	0.012
489	H	0.032	0.011
490	R	0.035	0.016
491	Q	0.037	0.016
492	W	0.034	0.011
493	F	0.031	0.010
494	L	0.035	0.012
495	D	0.048	0.021
496	L	0.077	0.021
497	P	0.071	0.021
498	L	0.081	0.026
499	P	0.075	0.027
500	W	0.099	0.035
501	L	0.122	0.034
502	P	0.124	0.041
503	G	0.175	0.065
504	A	0.211	0.081
505	D	0.245	0.111
506	T	0.233	0.103
507	Q	0.192	0.077
508	G	0.159	0.074
509	S	0.152	0.077
510	N	0.157	0.081
511	W	0.156	0.080
512	I	0.134	0.072
513	Q	0.098	0.055
514	K	0.079	0.033
515	E	0.079	0.028
516	T	0.094	0.039
517	L	0.096	0.033
518	V	0.118	0.046
519	T	0.139	0.056
520	F	0.171	0.066
521	K	0.149	0.061
522	N	0.158	0.070
523	P	0.172	0.074
524	H	0.175	0.077
525	A	0.152	0.067
526	K	0.123	0.045
527	K	0.113	0.023
528	Q	0.117	0.021
529	D	0.134	0.031
530	V	0.148	0.033
531	V	0.155	0.034
532	V	0.159	0.044
533	L	0.183	0.059
534	G	0.205	0.063
535	S	0.218	0.066
536	Q	0.230	0.078
537	E	0.232	0.084
538	G	0.245	0.107
539	A	0.204	0.083
540	M	0.171	0.074
541	H	0.138	0.051
542	T	0.127	0.036
543	A	0.120	0.025
544	L	0.125	0.028
545	T	0.120	0.037
546	G	0.130	0.047
547	A	0.156	0.072
548	T	0.173	0.079
549	E	0.162	0.059
550	I	0.159	0.055
551	Q	0.143	0.044
552	M	0.141	0.037
553	S	0.147	0.043
554	S	0.137	0.041
555	G	0.119	0.032
556	N	0.114	0.026
557	L	0.111	0.026
558	L	0.111	0.032
559	F	0.114	0.032
560	T	0.109	0.035
561	G	0.097	0.035
562	H	0.085	0.021
563	L	0.077	0.019
564	K	0.074	0.020
565	C	0.076	0.021
566	R	0.073	0.018
567	L	0.081	0.022
568	R	0.081	0.025
569	M	0.088	0.027
570	D	0.099	0.023
571	K	0.110	0.023
572	L	0.124	0.023
573	Q	0.112	0.022
574	L	0.112	0.023
575	K	0.090	0.025
576	G	0.103	0.028
577	M	0.113	0.031
578	S	0.099	0.038
579	Y	0.103	0.041
580	S	0.088	0.036
581	M	0.086	0.029
582	C	0.079	0.022
583	T	0.086	0.024
584	G	0.101	0.032
585	K	0.119	0.041
586	F	0.140	0.049
587	K	0.135	0.045
588	V	0.163	0.065
589	V	0.178	0.069
590	K	0.204	0.077
591	E	0.229	0.075
592	I	0.237	0.077
593	A	0.184	0.077
594	E	0.148	0.070
595	T	0.115	0.055
596	Q	0.106	0.043
597	H	0.093	0.036
598	G	0.086	0.037
599	T	0.084	0.041
600	I	0.070	0.031
601	V	0.061	0.020
602	I	0.059	0.015
603	R	0.062	0.011
604	V	0.077	0.017
605	Q	0.096	0.028
606	Y	0.126	0.043
607	E	0.123	0.039
608	G	0.137	0.049
609	D	0.135	0.050
610	G	0.138	0.052
611	S	0.134	0.054
612	P	0.124	0.053
613	C	0.108	0.042
614	K	0.093	0.032
615	I	0.084	0.018
616	P	0.073	0.014
617	F	0.086	0.017
618	E	0.087	0.019
619	I	0.099	0.028
620	M	0.105	0.033
621	D	0.116	0.030
622	L	0.148	0.047
623	E	0.165	0.057
624	K	0.191	0.083
625	R	0.204	0.084
626	H	0.234	0.099
627	V	0.244	0.113
628	L	0.227	0.107
629	G	0.216	0.105
630	R	0.195	0.084
631	L	0.176	0.069
632	I	0.165	0.061
633	T	0.152	0.056
634	V	0.140	0.063
635	N	0.143	0.066
636	P	0.158	0.070
637	I	0.203	0.059
638	V	0.204	0.062
639	T	0.239	0.081
640	E	0.268	0.115
641	K	0.313	0.132
642	D	0.338	0.126
643	S	0.298	0.104
644	P	0.313	0.112
645	V	0.347	0.144
646	N	0.395	0.166
647	I	0.413	0.166
648	E	0.375	0.132
649	A	0.307	0.140
650	E	0.262	0.127
651	P	0.224	0.092
652	P	0.167	0.067
653	F	0.151	0.065
654	G	0.130	0.060
655	D	0.116	0.046
656	S	0.090	0.027
657	Y	0.081	0.021
658	I	0.067	0.015
659	I	0.063	0.012
660	I	0.061	0.011
661	G	0.062	0.013
662	V	0.067	0.017
663	E	0.071	0.023
664	P	0.081	0.038
665	G	0.094	0.044
666	Q	0.101	0.040
667	L	0.094	0.034
668	K	0.085	0.029
669	L	0.092	0.035
670	N	0.114	0.045
671	W	0.199	0.060
672	F	0.248	0.063
673	K	0.249	0.073
674	K	0.224	0.069
675	G	0.212	0.060
676	S	0.212	0.056
677	S	0.214	0.059
678	I	0.218	0.062
679	G	0.219	0.060
680	Q	0.231	0.070
681	M	0.233	0.072
682	F	0.223	0.071
683	E	0.193	0.052
684	T	0.218	0.065
685	T	0.226	0.064
686	M	0.224	0.059
687	R	0.214	0.061
688	G	0.192	0.059
689	A	0.175	0.059
690	K	0.156	0.056
691	R	0.140	0.048
692	M	0.112	0.044
693	A	0.098	0.046
694	I	0.096	0.044
695	L	0.091	0.039
696	G	0.085	0.040
697	D	0.082	0.036
698	T	0.079	0.034
699	A	0.078	0.036
700	W	0.072	0.029
701	D	0.062	0.022
702	F	0.062	0.023
703	G	0.061	0.019
704	S	0.062	0.021
705	L	0.071	0.024
706	G	0.079	0.023
707	G	0.090	0.018
708	V	0.104	0.016
709	F	0.116	0.019
710	T	0.114	0.018
711	S	0.115	0.019
712	I	0.109	0.018
713	G	0.087	0.022
714	K	0.066	0.016
715	A	0.052	0.012
716	L	0.043	0.008
717	H	0.038	0.006
718	Q	0.036	0.005
719	V	0.036	0.005
720	F	0.038	0.005
721	G	0.038	0.006
722	A	0.043	0.008
723	I	0.049	0.013
724	Y	0.053	0.012
725	G	0.055	0.012
726	A	0.057	0.014
727	A	0.061	0.016
728	F	0.069	0.020
729	S	0.068	0.023
730	G	0.068	0.025
731	V	0.067	0.024
732	S	0.067	0.023
733	W	0.071	0.026
734	T	0.065	0.023
735	M	0.062	0.020
736	K	0.061	0.018
737	I	0.058	0.020
738	L	0.056	0.019
739	I	0.055	0.018
740	G	0.055	0.019
741	V	0.056	0.021
742	I	0.067	0.031
743	I	0.077	0.041
744	T	0.080	0.041
745	W	0.094	0.040
746	I	0.134	0.047
747	G	0.206	0.068
748	M	0.327	0.054
749	N	0.415	0.077
750	S	0.493	0.098
751	R	0.541	0.103
752	S	0.567	0.120
753	T	0.559	0.145
754	S	0.500	0.157
755	L	0.442	0.148
756	S	0.342	0.130
757	V	0.216	0.072
758	T	0.110	0.028
759	L	0.073	0.017
760	V	0.055	0.015
761	L	0.047	0.014
762	V	0.050	0.016
763	G	0.056	0.019
764	I	0.062	0.021
765	V	0.069	0.024
766	T	0.068	0.024
767	L	0.065	0.027
768	Y	0.062	0.028
769	L	0.059	0.026
770	G	0.060	0.023
771	V	0.066	0.021
772	M	0.080	0.022
773	V	0.100	0.023
774	Q	0.116	0.030
775	A	0.119	0.037
776	D	0.107	0.034
777	S	0.097	0.037
778	G	0.101	0.032
779	C	0.133	0.028
780	V	0.160	0.037
781	V	0.185	0.058
782	S	0.209	0.075
783	W	0.230	0.086
784	K	0.226	0.088
785	N	0.223	0.084
786	K	0.219	0.071
787	E	0.187	0.057
788	L	0.142	0.040
789	K	0.088	0.028
790	C	0.067	0.023
791	G	0.054	0.019
792	S	0.052	0.015
793	G	0.051	0.014
794	I	0.050	0.014
795	F	0.051	0.017
796	I	0.054	0.022
797	T	0.062	0.031
798	D	0.066	0.030
799	N	0.071	0.023
800	V	0.080	0.024
801	H	0.079	0.021
802	T	0.083	0.018
803	W	0.120	0.030
804	T	0.133	0.050
805	E	0.165	0.055
806	Q	0.207	0.083
807	Y	0.273	0.118
808	K	0.318	0.143
809	F	0.356	0.134
810	Q	0.373	0.131
811	P	0.397	0.155
812	E	0.413	0.162
813	S	0.405	0.158
814	P	0.382	0.154
815	S	0.365	0.162
816	K	0.341	0.147
817	L	0.309	0.108
818	A	0.296	0.118
819	S	0.263	0.082
820	A	0.271	0.107
821	I	0.247	0.082
822	Q	0.246	0.085
823	K	0.261	0.100
824	A	0.224	0.102
825	H	0.220	0.102
826	E	0.196	0.088
827	E	0.152	0.055
828	G	0.116	0.036
829	I	0.092	0.025
830	C	0.078	0.019
831	G	0.068	0.018
832	I	0.067	0.018
833	R	0.065	0.015
834	S	0.063	0.013
835	V	0.064	0.013
836	T	0.066	0.012
837	R	0.070	0.013
838	L	0.076	0.018
839	E	0.075	0.017
840	N	0.077	0.018
841	L	0.078	0.021
842	M	0.072	0.018
843	W	0.076	0.019
844	K	0.076	0.018
845	Q	0.084	0.020
846	I	0.085	0.018
847	T	0.091	0.016
848	P	0.101	0.020
849	E	0.109	0.030
850	L	0.114	0.043
851	N	0.101	0.035
852	H	0.104	0.029
853	I	0.102	0.023
854	L	0.101	0.017
855	S	0.094	0.017
856	E	0.091	0.022
857	N	0.099	0.030
858	E	0.106	0.035
859	V	0.115	0.038
860	K	0.126	0.036
861	L	0.138	0.035
862	T	0.148	0.035
863	I	0.157	0.036
864	M	0.158	0.044
865	T	0.166	0.057
866	G	0.172	0.068
867	D	0.187	0.071
868	I	0.204	0.083
869	K	0.213	0.078
870	G	0.230	0.081
871	I	0.228	0.074
872	M	0.248	0.068
873	Q	0.255	0.081
874	A	0.260	0.095
875	G	0.263	0.082
876	K	0.308	0.083
877	R	0.388	0.113
878	S	0.461	0.162
879	L	0.497	0.171
880	R	0.442	0.125
881	P	0.401	0.089
882	Q	0.343	0.068
883	P	0.283	0.060
884	T	0.245	0.067
885	E	0.197	0.070
886	L	0.176	0.071
887	K	0.163	0.064
888	Y	0.160	0.060
889	S	0.133	0.046
890	W	0.125	0.039
891	K	0.112	0.044
892	T	0.116	0.050
893	W	0.137	0.057
894	G	0.157	0.061
895	K	0.193	0.064
896	A	0.233	0.074
897	K	0.277	0.083
898	M	0.330	0.083
899	L	0.358	0.082
900	S	0.333	0.085
901	T	0.336	0.081
902	E	0.342	0.087
903	S	0.342	0.088
904	H	0.354	0.071
905	N	0.298	0.076
906	Q	0.261	0.091
907	T	0.259	0.094
908	F	0.272	0.093
909	L	0.227	0.084
910	I	0.228	0.077
911	D	0.203	0.079
912	G	0.253	0.090
913	P	0.268	0.097
914	E	0.278	0.068
915	T	0.272	0.068
916	A	0.279	0.076
917	E	0.264	0.083
918	C	0.222	0.107
919	P	0.166	0.086
920	N	0.146	0.083
921	T	0.147	0.083
922	N	0.157	0.079
923	R	0.170	0.072
924	A	0.150	0.067
925	W	0.156	0.083
926	N	0.144	0.072
927	S	0.152	0.065
928	L	0.162	0.073
929	E	0.122	0.046
930	V	0.102	0.028
931	E	0.086	0.027
932	D	0.076	0.020
933	Y	0.072	0.025
934	G	0.059	0.020
935	F	0.052	0.014
936	G	0.047	0.014
937	V	0.044	0.013
938	F	0.040	0.012
939	T	0.041	0.011
940	T	0.049	0.016
941	N	0.049	0.018
942	I	0.059	0.019
943	W	0.067	0.019
944	L	0.075	0.025
945	K	0.086	0.027
946	L	0.109	0.031
947	K	0.134	0.036
948	E	0.153	0.035
949	K	0.159	0.043
950	Q	0.167	0.060
951	D	0.161	0.050
952	V	0.178	0.061
953	F	0.160	0.055
954	C	0.139	0.049
955	D	0.135	0.053
956	S	0.107	0.034
957	K	0.100	0.025
958	L	0.107	0.032
959	M	0.121	0.041
960	S	0.157	0.061
961	A	0.182	0.053
962	A	0.185	0.043
963	I	0.187	0.042
964	K	0.164	0.039
965	D	0.147	0.036
966	N	0.148	0.043
967	R	0.133	0.052
968	A	0.110	0.048
969	V	0.096	0.042
970	H	0.083	0.030
971	A	0.085	0.031
972	D	0.070	0.028
973	M	0.063	0.025
974	G	0.055	0.021
975	Y	0.059	0.023
976	W	0.060	0.022
977	I	0.064	0.022
978	E	0.055	0.014
979	S	0.054	0.012
980	A	0.056	0.013
981	L	0.058	0.012
982	N	0.063	0.014
983	D	0.075	0.025
984	T	0.085	0.031
985	W	0.096	0.036
986	K	0.087	0.030
987	I	0.078	0.027
988	E	0.069	0.024
989	K	0.069	0.025
990	A	0.075	0.021
991	S	0.079	0.023
992	F	0.086	0.023
993	I	0.082	0.021
994	E	0.079	0.022
995	V	0.096	0.023
996	K	0.099	0.025
997	N	0.087	0.019
998	C	0.081	0.014
999	H	0.077	0.016
1000	W	0.091	0.019
1001	P	0.092	0.021
1002	K	0.100	0.024
1003	S	0.094	0.019
1004	H	0.091	0.017
1005	T	0.089	0.012
1006	L	0.087	0.014
1007	W	0.091	0.024
1008	S	0.080	0.025
1009	N	0.093	0.032
1010	G	0.108	0.044
1011	V	0.120	0.055
1012	L	0.126	0.052
1013	E	0.116	0.034
1014	S	0.129	0.042
1015	E	0.137	0.052
1016	M	0.142	0.060
1017	I	0.154	0.062
1018	I	0.165	0.063
1019	P	0.155	0.061
1020	K	0.184	0.075
1021	N	0.193	0.077
1022	L	0.235	0.071
1023	A	0.238	0.066
1024	G	0.268	0.085
1025	P	0.291	0.100
1026	V	0.295	0.106
1027	S	0.281	0.099
1028	Q	0.251	0.085
1029	H	0.270	0.092
1030	N	0.271	0.084
1031	Y	0.294	0.095
1032	R	0.241	0.093
1033	P	0.219	0.100
1034	G	0.231	0.102
1035	Y	0.207	0.087
1036	H	0.178	0.077
1037	T	0.155	0.062
1038	Q	0.144	0.056
1039	I	0.134	0.052
1040	T	0.135	0.052
1041	G	0.133	0.055
1042	P	0.119	0.059
1043	W	0.108	0.051
1044	H	0.091	0.034
1045	L	0.086	0.031
1046	G	0.077	0.030
1047	K	0.073	0.029
1048	L	0.074	0.035
1049	E	0.070	0.032
1050	M	0.075	0.041
1051	D	0.061	0.028
1052	F	0.052	0.019
1053	D	0.043	0.013
1054	F	0.047	0.015
1055	C	0.056	0.019
1056	D	0.073	0.023
1057	G	0.088	0.027
1058	T	0.097	0.026
1059	T	0.111	0.028
1060	V	0.120	0.033
1061	V	0.140	0.044
1062	V	0.164	0.043
1063	T	0.187	0.056
1064	E	0.189	0.061
1065	D	0.228	0.079
1066	C	0.232	0.070
1067	G	0.238	0.061
1068	N	0.227	0.059
1069	R	0.210	0.053
1070	G	0.227	0.070
1071	P	0.189	0.047
1072	S	0.199	0.050
1073	L	0.179	0.040
1074	R	0.171	0.027
1075	T	0.177	0.021
1076	T	0.181	0.028
1077	T	0.174	0.023
1078	A	0.149	0.037
1079	S	0.113	0.035
1080	G	0.108	0.037
1081	K	0.111	0.040
1082	L	0.105	0.036
1083	I	0.094	0.030
1084	T	0.076	0.022
1085	E	0.070	0.020
1086	W	0.071	0.018
1087	C	0.064	0.015
1088	C	0.054	0.012
1089	R	0.049	0.012
1090	S	0.050	0.011
1091	C	0.056	0.013
1092	T	0.064	0.013
1093	L	0.080	0.028
1094	P	0.076	0.029
1095	P	0.086	0.037
1096	L	0.097	0.040
1097	R	0.088	0.032
1098	Y	0.089	0.032
1099	R	0.083	0.034
1100	G	0.075	0.032
1101	E	0.055	0.026
1102	D	0.045	0.021
1103	G	0.041	0.015
1104	C	0.040	0.018
1105	W	0.046	0.018
1106	Y	0.062	0.023
1107	G	0.067	0.024
1108	M	0.085	0.032
1109	E	0.121	0.054
1110	I	0.183	0.098
1111	R	0.261	0.123
1112	P	0.334	0.139
1113	L	0.434	0.157
1114	K	0.479	0.146
1115	E	0.543	0.136
1116	K	0.550	0.147
1117	E	0.394	0.113
1118	E	0.282	0.092
1119	N	0.224	0.067
1120	L	0.193	0.050
1121	V	0.158	0.038
1122	N	0.141	0.040
1123	S	0.150	0.039
1124	L	0.157	0.055
1125	V	0.169	0.069
1126	T	0.165	0.065
1127	A	0.164	0.064
1128	G	0.167	0.059
1129	H	0.175	0.058
1130	G	0.175	0.055
1131	Q	0.132	0.034
1132	V	0.107	0.031
1133	D	0.099	0.025
1134	N	0.090	0.022
1135	F	0.088	0.019
1136	S	0.080	0.025
1137	L	0.076	0.028
1138	G	0.061	0.015
1139	V	0.047	0.011
1140	L	0.037	0.010
1141	G	0.029	0.007
1142	M	0.028	0.007
1143	A	0.030	0.008
1144	L	0.041	0.015
1145	F	0.054	0.021
1146	L	0.064	0.023
1147	E	0.072	0.021
1148	E	0.089	0.019
1149	M	0.136	0.025
1150	L	0.165	0.031
1151	R	0.183	0.043
1152	T	0.212	0.073
1153	R	0.213	0.083
1154	V	0.203	0.077
1155	G	0.157	0.060
1156	T	0.108	0.041
1157	K	0.086	0.033
1158	H	0.074	0.031
1159	A	0.066	0.027
1160	I	0.059	0.025
1161	L	0.051	0.021
1162	L	0.048	0.018
1163	V	0.046	0.017
1164	A	0.045	0.016
1165	V	0.045	0.015
1166	S	0.043	0.014
1167	F	0.044	0.015
1168	V	0.046	0.016
1169	T	0.047	0.016
1170	L	0.051	0.014
1171	I	0.056	0.015
1172	T	0.061	0.017
1173	G	0.072	0.017
1174	N	0.099	0.021	
1175	M	0.114	0.018
1176	S	0.115	0.020
1177	F	0.128	0.026
1178	R	0.130	0.033
1179	D	0.130	0.039
1180	L	0.127	0.035
1181	G	0.097	0.028
1182	R	0.076	0.019
1183	V	0.065	0.017
1184	M	0.065	0.016
1185	V	0.076	0.013
1186	M	0.091	0.017
1187	V	0.104	0.017
1188	G	0.115	0.019
1189	A	0.135	0.030
1190	T	0.161	0.039
1191	M	0.180	0.056
1192	T	0.164	0.057
1193	D	0.154	0.055
1194	D	0.147	0.051
1195	I	0.124	0.041
1196	G	0.089	0.025
1197	M	0.070	0.017
1198	G	0.053	0.015
1199	V	0.046	0.014
1200	T	0.043	0.014
1201	Y	0.043	0.016
1202	L	0.045	0.017
1203	A	0.049	0.018
1204	L	0.051	0.019
1205	L	0.048	0.016
1206	A	0.042	0.013
1207	A	0.039	0.011
1208	F	0.040	0.010
1209	K	0.039	0.007
1210	V	0.042	0.008
1211	R	0.046	0.011
1212	P	0.048	0.013
1213	T	0.060	0.018
1214	F	0.074	0.028
1215	A	0.078	0.033
1216	A	0.079	0.033
1217	G	0.086	0.031
1218	L	0.108	0.037
1219	L	0.135	0.042
1220	L	0.141	0.032
1221	R	0.142	0.019
1222	K	0.151	0.043
1223	L	0.172	0.069
1224	T	0.160	0.073
1225	S	0.128	0.058
1226	K	0.119	0.047
1227	E	0.119	0.043
1228	L	0.117	0.053
1229	M	0.106	0.051
1230	M	0.099	0.048
1231	T	0.096	0.044
1232	T	0.083	0.038
1233	I	0.085	0.043
1234	G	0.083	0.042
1235	I	0.089	0.041
1236	V	0.107	0.041
1237	L	0.130	0.045
1238	L	0.160	0.056
1239	S	0.196	0.060
1240	Q	0.241	0.072
1241	S	0.280	0.097
1242	T	0.309	0.100
1243	I	0.339	0.092
1244	P	0.311	0.083
1245	E	0.324	0.078
1246	T	0.326	0.075
1247	I	0.333	0.076
1248	L	0.301	0.083
1249	E	0.253	0.073
1250	L	0.220	0.064
1251	T	0.186	0.044
1252	D	0.164	0.028
1253	A	0.142	0.025
1254	L	0.130	0.032
1255	A	0.130	0.032
1256	L	0.128	0.032
1257	G	0.120	0.032
1258	M	0.116	0.031
1259	M	0.112	0.029
1260	V	0.112	0.032
1261	L	0.114	0.034
1262	K	0.109	0.035
1263	M	0.111	0.039
1264	V	0.122	0.046
1265	R	0.136	0.047
1266	N	0.139	0.051
1267	M	0.138	0.060
1268	E	0.119	0.068
1269	K	0.107	0.070
1270	Y	0.099	0.061
1271	Q	0.092	0.055
1272	L	0.087	0.054
1273	A	0.068	0.036
1274	V	0.059	0.027
1275	T	0.060	0.028
1276	I	0.062	0.030
1277	M	0.065	0.030
1278	A	0.065	0.025
1279	I	0.072	0.027
1280	L	0.074	0.025
1281	C	0.078	0.025
1282	V	0.079	0.023
1283	P	0.076	0.022
1284	N	0.078	0.021
1285	A	0.080	0.022
1286	V	0.075	0.021
1287	I	0.071	0.020
1288	L	0.069	0.018
1289	Q	0.072	0.018
1290	N	0.076	0.021
1291	A	0.077	0.024
1292	W	0.084	0.027
1293	K	0.084	0.025
1294	V	0.087	0.029
1295	S	0.086	0.032
1296	C	0.091	0.031
1297	T	0.096	0.032
1298	I	0.100	0.033
1299	L	0.103	0.031
1300	A	0.101	0.031
1301	V	0.107	0.039
1302	V	0.121	0.048
1303	S	0.136	0.050
1304	V	0.187	0.062
1305	S	0.238	0.072
1306	P	0.276	0.084
1307	L	0.347	0.069
1308	L	0.376	0.056
1309	L	0.414	0.048
1310	T	0.423	0.058
1311	S	0.463	0.055
1312	S	0.490	0.089
1313	Q	0.403	0.104
1314	Q	0.283	0.096
1315	K	0.155	0.031
1316	T	0.113	0.015
1317	D	0.094	0.014
1318	W	0.092	0.021
1319	I	0.076	0.017
1320	P	0.061	0.010
1321	L	0.059	0.012
1322	A	0.058	0.012
1323	L	0.058	0.012
1324	T	0.058	0.014
1325	I	0.062	0.016
1326	K	0.072	0.022
1327	G	0.084	0.027
1328	L	0.099	0.032
1329	N	0.099	0.025
1330	P	0.098	0.026
1331	T	0.103	0.024
1332	A	0.103	0.027
1333	I	0.102	0.025
1334	F	0.097	0.020
1335	L	0.122	0.047
1336	T	0.181	0.052
1337	T	0.227	0.062
1338	L	0.277	0.070
1339	S	0.284	0.084
1340	R	0.321	0.107
1341	T	0.353	0.107
1342	S	0.352	0.113
1343	K	0.312	0.112
1344	K	0.259	0.091
1345	R	0.237	0.073
1346	S	0.207	0.045
1347	W	0.192	0.035
1348	P	0.157	0.041
1349	L	0.127	0.047
1350	N	0.095	0.033
1351	E	0.084	0.025
1352	A	0.085	0.017
1353	I	0.095	0.025
1354	M	0.120	0.042
1355	A	0.165	0.049
1356	V	0.219	0.056
1357	G	0.252	0.060
1358	M	0.271	0.056
1359	V	0.275	0.065
1360	S	0.265	0.061
1361	I	0.254	0.067
1362	L	0.237	0.070
1363	A	0.232	0.070
1364	S	0.255	0.083
1365	S	0.278	0.092
1366	L	0.299	0.066
1367	L	0.310	0.047
1368	K	0.291	0.045
1369	N	0.322	0.041
1370	D	0.339	0.060
1371	I	0.340	0.080
1372	P	0.312	0.086
1373	M	0.285	0.078
1374	T	0.196	0.046
1375	G	0.144	0.028
1376	P	0.132	0.028
1377	L	0.124	0.015
1378	V	0.112	0.010
1379	A	0.108	0.019
1380	G	0.118	0.032
1381	G	0.131	0.049
1382	L	0.114	0.034
1383	L	0.101	0.023
1384	T	0.099	0.025
1385	V	0.102	0.034
1386	C	0.102	0.036
1387	Y	0.108	0.037
1388	V	0.110	0.034
1389	L	0.124	0.031
1390	T	0.150	0.039
1391	G	0.196	0.070
1392	R	0.206	0.067
1393	S	0.220	0.077
1394	A	0.216	0.070
1395	D	0.234	0.063
1396	L	0.276	0.071
1397	E	0.265	0.063
1398	L	0.264	0.080
1399	E	0.211	0.071
1400	R	0.207	0.087
1401	A	0.193	0.087
1402	A	0.186	0.074
1403	D	0.186	0.060
1404	V	0.201	0.061
1405	K	0.205	0.066
1406	W	0.212	0.062
1407	E	0.196	0.049
1408	D	0.200	0.048
1409	Q	0.220	0.068
1410	A	0.247	0.073
1411	E	0.287	0.084
1412	I	0.333	0.091
1413	S	0.324	0.101
1414	G	0.320	0.098
1415	S	0.324	0.105
1416	S	0.308	0.089
1417	P	0.286	0.064
1418	I	0.299	0.054
1419	L	0.293	0.073
1420	S	0.319	0.075
1421	I	0.349	0.077
1422	T	0.374	0.089
1423	I	0.419	0.100
1424	S	0.392	0.107
1425	E	0.382	0.120
1426	D	0.424	0.132
1427	G	0.451	0.121
1428	S	0.538	0.114
1429	M	0.684	0.143
1430	S	0.756	0.152
1431	I	0.828	0.102
1432	K	0.854	0.073
1433	N	0.910	0.064
1434	E	0.899	0.077
1435	E	0.873	0.103
1436	E	0.816	0.149
1437	E	0.770	0.199
1438	Q	0.740	0.230
1439	T	0.679	0.252
1440	L	0.629	0.254
1441	T	0.537	0.213
1442	I	0.445	0.156
1443	L	0.372	0.140
1444	I	0.340	0.143
1445	R	0.332	0.134
1446	T	0.316	0.107
1447	G	0.290	0.087
1448	L	0.295	0.074
1449	L	0.308	0.074
1450	V	0.306	0.080
1451	I	0.291	0.074
1452	S	0.240	0.063
1453	G	0.185	0.058
1454	L	0.148	0.050
1455	F	0.120	0.032
1456	P	0.091	0.017
1457	V	0.082	0.019
1458	S	0.080	0.022
1459	I	0.078	0.024
1460	P	0.067	0.020
1461	I	0.065	0.021
1462	T	0.057	0.018
1463	A	0.047	0.016
1464	A	0.041	0.018
1465	A	0.039	0.017
1466	W	0.042	0.019
1467	Y	0.041	0.022
1468	L	0.045	0.027
1469	W	0.057	0.030
1470	E	0.072	0.032
1471	V	0.108	0.034
1472	K	0.123	0.028
1473	K	0.139	0.033
1474	Q	0.128	0.038
1475	R	0.111	0.045
1476	A	0.108	0.042
1477	G	0.122	0.053
1478	V	0.137	0.061
1479	L	0.159	0.061
1480	W	0.167	0.067
1481	D	0.206	0.098
1482	V	0.262	0.126
1483	P	0.288	0.125
1484	S	0.375	0.146
1485	P	0.403	0.138
1486	P	0.411	0.132
1487	P	0.415	0.139
1488	M	0.372	0.136
1489	G	0.301	0.134
1490	K	0.297	0.126
1491	A	0.301	0.127
1492	E	0.266	0.110
1493	L	0.248	0.103
1494	E	0.202	0.083
1495	D	0.194	0.082
1496	G	0.185	0.078
1497	A	0.192	0.079
1498	Y	0.200	0.081
1499	R	0.187	0.069
1500	I	0.179	0.078
1501	K	0.139	0.057
1502	Q	0.116	0.043
1503	K	0.099	0.031
1504	G	0.087	0.022
1505	I	0.078	0.017
1506	L	0.069	0.015
1507	G	0.062	0.013
1508	Y	0.074	0.020
1509	S	0.080	0.022
1510	Q	0.090	0.025
1511	I	0.103	0.026
1512	G	0.101	0.026
1513	A	0.107	0.032
1514	G	0.109	0.039
1515	V	0.132	0.052
1516	Y	0.126	0.045
1517	K	0.108	0.026
1518	E	0.100	0.022
1519	G	0.103	0.031
1520	T	0.091	0.033
1521	F	0.073	0.026
1522	H	0.062	0.023
1523	T	0.067	0.024
1524	M	0.071	0.025
1525	W	0.070	0.027
1526	H	0.067	0.026
1527	V	0.067	0.025
1528	T	0.080	0.029
1529	R	0.097	0.043
1530	G	0.123	0.066
1531	A	0.142	0.080
1532	V	0.132	0.066
1533	L	0.137	0.061
1534	M	0.157	0.075
1535	H	0.193	0.100
1536	K	0.201	0.104
1537	G	0.181	0.075
1538	K	0.177	0.060
1539	R	0.196	0.070
1540	I	0.188	0.063
1541	E	0.151	0.047
1542	P	0.130	0.036
1543	S	0.138	0.038
1544	W	0.151	0.044
1545	A	0.128	0.040
1546	D	0.100	0.031
1547	V	0.090	0.027
1548	K	0.080	0.022
1549	K	0.082	0.024
1550	D	0.080	0.025
1551	L	0.083	0.028
1552	I	0.092	0.035
1553	S	0.093	0.033
1554	Y	0.103	0.044
1555	G	0.105	0.046
1556	G	0.110	0.045
1557	G	0.139	0.058
1558	W	0.157	0.059
1559	K	0.175	0.064
1560	L	0.200	0.073
1561	E	0.212	0.089
1562	G	0.258	0.091
1563	E	0.300	0.111
1564	W	0.308	0.121
1565	K	0.230	0.100
1566	E	0.197	0.076
1567	G	0.174	0.055
1568	E	0.155	0.047
1569	E	0.154	0.053
1570	V	0.141	0.048
1571	Q	0.127	0.045
1572	V	0.121	0.042
1573	L	0.116	0.039
1574	A	0.116	0.037
1575	L	0.115	0.036
1576	E	0.114	0.039
1577	P	0.146	0.062
1578	G	0.186	0.090
1579	K	0.185	0.093
1580	N	0.191	0.093
1581	P	0.170	0.083
1582	R	0.166	0.076
1583	A	0.147	0.051
1584	V	0.131	0.045
1585	Q	0.111	0.035
1586	T	0.108	0.043
1587	K	0.111	0.051
1588	P	0.109	0.047
1589	G	0.116	0.047
1590	L	0.124	0.041
1591	F	0.133	0.044
1592	K	0.137	0.031
1593	T	0.155	0.043
1594	N	0.164	0.055
1595	A	0.155	0.051
1596	G	0.151	0.048
1597	T	0.149	0.044
1598	I	0.150	0.043
1599	G	0.145	0.043
1600	A	0.156	0.045
1601	V	0.164	0.051
1602	S	0.170	0.048
1603	L	0.197	0.043
1604	D	0.219	0.048
1605	F	0.286	0.061
1606	S	0.321	0.061
1607	P	0.381	0.090
1608	G	0.477	0.105
1609	T	0.528	0.136
1610	S	0.496	0.154
1611	G	0.463	0.161
1612	S	0.448	0.175
1613	P	0.443	0.172
1614	I	0.427	0.159
1615	I	0.382	0.142
1616	D	0.332	0.114
1617	K	0.264	0.080
1618	K	0.205	0.078
1619	G	0.188	0.085
1620	K	0.184	0.091
1621	V	0.165	0.079
1622	V	0.162	0.056
1623	G	0.186	0.044
1624	L	0.216	0.052
1625	Y	0.221	0.052
1626	G	0.207	0.054
1627	N	0.212	0.065
1628	G	0.215	0.067
1629	V	0.193	0.063
1630	V	0.179	0.058
1631	T	0.170	0.050
1632	R	0.183	0.049
1633	S	0.178	0.047
1634	G	0.170	0.052
1635	A	0.156	0.062
1636	Y	0.161	0.062
1637	V	0.164	0.060
1638	S	0.169	0.059
1639	A	0.224	0.062
1640	I	0.240	0.073
1641	A	0.247	0.084
1642	Q	0.293	0.093
1643	T	0.359	0.099
1644	E	0.435	0.105
1645	K	0.439	0.128
1646	S	0.424	0.142
1647	I	0.495	0.166
1648	E	0.440	0.128
1649	D	0.421	0.115
1650	N	0.384	0.084
1651	P	0.329	0.064
1652	E	0.323	0.066
1653	I	0.322	0.054
1654	E	0.270	0.045
1655	D	0.285	0.067
1656	D	0.281	0.090
1657	I	0.291	0.107
1658	F	0.299	0.125
1659	R	0.280	0.124
1660	K	0.266	0.122
1661	R	0.251	0.111
1662	R	0.220	0.078
1663	L	0.199	0.068
1664	T	0.181	0.059
1665	I	0.180	0.059
1666	M	0.188	0.070
1667	D	0.204	0.086
1668	L	0.217	0.100
1669	H	0.199	0.083
1670	P	0.208	0.077
1671	G	0.243	0.078
1672	A	0.298	0.082
1673	G	0.338	0.107
1674	K	0.331	0.143
1675	T	0.339	0.144
1676	K	0.344	0.160
1677	R	0.348	0.181
1678	Y	0.327	0.173
1679	L	0.264	0.130
1680	P	0.234	0.111
1681	A	0.245	0.099
1682	I	0.240	0.102
1683	V	0.204	0.094
1684	R	0.197	0.093
1685	E	0.196	0.081
1686	A	0.211	0.091
1687	I	0.227	0.086
1688	K	0.263	0.077
1689	R	0.320	0.101
1690	G	0.337	0.100
1691	L	0.336	0.100
1692	R	0.340	0.103
1693	T	0.336	0.102
1694	L	0.338	0.101
1695	I	0.335	0.098
1696	L	0.337	0.091
1697	A	0.309	0.075
1698	P	0.267	0.072
1699	T	0.267	0.065
1700	R	0.299	0.073
1701	V	0.352	0.082
1702	V	0.353	0.086
1703	A	0.353	0.104
1704	A	0.363	0.113
1705	E	0.335	0.099
1706	M	0.327	0.088
1707	E	0.268	0.092
1708	E	0.234	0.093
1709	A	0.220	0.091
1710	L	0.196	0.081
1711	R	0.171	0.062
1712	G	0.152	0.056
1713	L	0.146	0.051
1714	P	0.136	0.047
1715	I	0.134	0.043
1716	R	0.119	0.039
1717	Y	0.114	0.036
1718	Q	0.100	0.029
1719	T	0.112	0.027
1720	P	0.105	0.018
1721	A	0.119	0.025
1722	I	0.110	0.025
1723	R	0.098	0.027
1724	A	0.112	0.025
1725	E	0.104	0.027
1726	H	0.108	0.027
1727	T	0.100	0.022
1728	G	0.095	0.019
1729	R	0.095	0.023
1730	E	0.086	0.029
1731	I	0.081	0.028
1732	V	0.073	0.028
1733	D	0.067	0.025
1734	L	0.068	0.026
1735	M	0.063	0.024
1736	C	0.059	0.022
1737	H	0.054	0.021
1738	A	0.053	0.022
1739	T	0.053	0.020
1740	F	0.054	0.018
1741	T	0.058	0.018
1742	M	0.065	0.023
1743	R	0.069	0.026
1744	L	0.064	0.019
1745	L	0.059	0.012
1746	S	0.055	0.012
1747	P	0.064	0.022
1748	V	0.074	0.033
1749	R	0.065	0.028
1750	V	0.054	0.020
1751	P	0.044	0.014
1752	N	0.041	0.011
1753	Y	0.049	0.018
1754	N	0.045	0.015
1755	L	0.046	0.015
1756	I	0.044	0.013
1757	I	0.049	0.011
1758	M	0.066	0.017
1759	D	0.077	0.020
1760	E	0.087	0.021
1761	A	0.087	0.016
1762	H	0.098	0.022
1763	F	0.123	0.025
1764	T	0.132	0.037
1765	D	0.141	0.033
1766	P	0.143	0.041
1767	A	0.165	0.063
1768	S	0.175	0.061
1769	I	0.177	0.052
1770	A	0.175	0.043
1771	A	0.167	0.034
1772	R	0.178	0.023
1773	G	0.189	0.024
1774	Y	0.198	0.029
1775	I	0.186	0.031
1776	S	0.171	0.038
1777	T	0.173	0.037
1778	R	0.175	0.034
1779	V	0.178	0.036
1780	E	0.178	0.037
1781	M	0.193	0.040
1782	G	0.188	0.038
1783	E	0.183	0.035
1784	A	0.183	0.038
1785	A	0.201	0.050
1786	G	0.257	0.062
1787	I	0.327	0.080
1788	F	0.351	0.087
1789	M	0.359	0.089
1790	T	0.337	0.081
1791	A	0.369	0.106
1792	T	0.445	0.122
1793	P	0.517	0.120
1794	P	0.550	0.136
1795	G	0.549	0.160
1796	S	0.534	0.161
1797	R	0.540	0.142
1798	D	0.562	0.114
1799	P	0.537	0.091
1800	F	0.533	0.075
1801	P	0.446	0.071
1802	Q	0.461	0.063
1803	S	0.500	0.117
1804	N	0.525	0.131
1805	A	0.519	0.126
1806	P	0.461	0.109
1807	I	0.508	0.117
1808	I	0.536	0.157
1809	D	0.504	0.160
1810	E	0.489	0.160
1811	E	0.449	0.144
1812	R	0.447	0.136
1813	E	0.446	0.142
1814	I	0.542	0.139
1815	P	0.524	0.165
1816	E	0.467	0.122
1817	R	0.395	0.113
1818	S	0.322	0.106
1819	W	0.343	0.119
1820	N	0.307	0.100
1821	S	0.269	0.081
1822	G	0.247	0.072
1823	H	0.216	0.072
1824	E	0.216	0.066
1825	W	0.224	0.072
1826	V	0.201	0.064
1827	T	0.184	0.070
1828	D	0.164	0.079
1829	F	0.134	0.062
1830	K	0.093	0.036
1831	G	0.077	0.029
1832	K	0.071	0.033
1833	T	0.062	0.029
1834	V	0.056	0.025
1835	W	0.055	0.021
1836	F	0.066	0.029
1837	V	0.084	0.032
1838	P	0.097	0.038
1839	S	0.126	0.049
1840	I	0.131	0.040
1841	K	0.115	0.038
1842	A	0.125	0.045
1843	G	0.134	0.054
1844	N	0.154	0.060
1845	D	0.153	0.057
1846	I	0.132	0.043
1847	A	0.108	0.046
1848	A	0.110	0.056
1849	C	0.121	0.061
1850	L	0.114	0.060
1851	R	0.110	0.050
1852	K	0.109	0.046
1853	N	0.120	0.038
1854	G	0.117	0.030
1855	K	0.117	0.033
1856	K	0.113	0.035
1857	V	0.117	0.050
1858	I	0.117	0.062
1859	Q	0.131	0.067
1860	L	0.146	0.057
1861	S	0.138	0.067
1862	R	0.151	0.053
1863	K	0.170	0.054
1864	T	0.197	0.061
1865	F	0.216	0.065
1866	D	0.191	0.070
1867	S	0.182	0.067
1868	E	0.169	0.066
1869	Y	0.168	0.065
1870	V	0.138	0.064
1871	K	0.121	0.054
1872	T	0.111	0.042
1873	R	0.112	0.047
1874	T	0.108	0.050
1875	N	0.102	0.044
1876	D	0.105	0.045
1877	W	0.113	0.050
1878	D	0.106	0.052
1879	F	0.101	0.046
1880	V	0.092	0.036
1881	V	0.080	0.024
1882	T	0.095	0.028
1883	T	0.116	0.044
1884	D	0.139	0.046
1885	I	0.144	0.054
1886	S	0.141	0.049
1887	E	0.167	0.055
1888	M	0.209	0.055
1889	G	0.182	0.044
1890	A	0.157	0.047
1891	N	0.171	0.053
1892	F	0.217	0.072
1893	K	0.197	0.068
1894	A	0.182	0.057
1895	E	0.156	0.048
1896	R	0.170	0.046
1897	V	0.201	0.040
1898	I	0.194	0.045
1899	D	0.180	0.050
1900	P	0.163	0.061
1901	R	0.167	0.062
1902	R	0.164	0.061
1903	C	0.165	0.060
1904	M	0.161	0.058
1905	K	0.153	0.053
1906	P	0.156	0.052
1907	V	0.169	0.056
1908	I	0.181	0.057
1909	L	0.191	0.062
1910	T	0.203	0.069
1911	D	0.220	0.082
1912	G	0.239	0.091
1913	E	0.233	0.080
1914	E	0.252	0.096
1915	R	0.278	0.112
1916	V	0.314	0.142
1917	I	0.293	0.134
1918	L	0.245	0.087
1919	A	0.205	0.052
1920	G	0.200	0.057
1921	P	0.215	0.070
1922	M	0.276	0.089
1923	P	0.321	0.111
1924	V	0.374	0.140
1925	T	0.396	0.132
1926	H	0.456	0.120
1927	S	0.525	0.109
1928	S	0.538	0.117
1929	A	0.495	0.129
1930	A	0.469	0.131
1931	Q	0.464	0.110
1932	R	0.454	0.100
1933	R	0.456	0.110
1934	G	0.504	0.134
1935	R	0.546	0.151
1936	I	0.619	0.176
1937	G	0.587	0.205
1938	R	0.599	0.203
1939	N	0.641	0.204
1940	P	0.607	0.193
1941	K	0.566	0.175
1942	N	0.583	0.163
1943	E	0.492	0.154
1944	N	0.424	0.136
1945	D	0.359	0.135
1946	Q	0.272	0.109
1947	Y	0.230	0.095
1948	I	0.203	0.094
1949	Y	0.214	0.100
1950	M	0.206	0.097
1951	G	0.204	0.094
1952	E	0.223	0.108
1953	P	0.224	0.109
1954	L	0.234	0.099
1955	E	0.205	0.071
1956	N	0.202	0.064
1957	D	0.204	0.071
1958	E	0.205	0.070
1959	D	0.197	0.057
1960	C	0.155	0.053
1961	A	0.131	0.043
1962	H	0.134	0.039
1963	W	0.166	0.060
1964	K	0.150	0.056
1965	E	0.141	0.059
1966	A	0.145	0.060
1967	K	0.160	0.065
1968	M	0.179	0.079
1969	L	0.197	0.099
1970	L	0.202	0.101
1971	D	0.204	0.098
1972	N	0.221	0.102
1973	I	0.252	0.114
1974	N	0.273	0.108
1975	T	0.249	0.105
1976	P	0.210	0.099
1977	E	0.207	0.087
1978	G	0.224	0.083
1979	I	0.244	0.098
1980	I	0.231	0.087
1981	P	0.216	0.090
1982	S	0.240	0.091
1983	M	0.286	0.088
1984	F	0.271	0.098
1985	E	0.264	0.091
1986	P	0.276	0.096
1987	E	0.321	0.116
1988	R	0.384	0.119
1989	E	0.353	0.128
1990	K	0.311	0.125
1991	V	0.285	0.107
1992	D	0.263	0.091
1993	A	0.258	0.085
1994	I	0.243	0.085
1995	D	0.219	0.083
1996	G	0.216	0.073
1997	E	0.220	0.062
1998	Y	0.265	0.069
1999	R	0.299	0.093
2000	L	0.307	0.111
2001	R	0.297	0.111
2002	G	0.326	0.140
2003	E	0.351	0.155
2004	A	0.329	0.177
2005	R	0.290	0.165
2006	K	0.246	0.135
2007	T	0.200	0.103
2008	F	0.178	0.091
2009	V	0.155	0.079
2010	D	0.159	0.076
2011	L	0.169	0.085
2012	M	0.163	0.079
2013	R	0.150	0.071
2014	R	0.148	0.071
2015	G	0.129	0.065
2016	D	0.107	0.048
2017	L	0.089	0.029
2018	P	0.073	0.020
2019	V	0.068	0.017
2020	W	0.064	0.015
2021	L	0.061	0.017
2022	A	0.055	0.018
2023	Y	0.053	0.017
2024	R	0.055	0.018
2025	V	0.061	0.020
2026	A	0.071	0.027
2027	A	0.078	0.026
2028	E	0.073	0.021
2029	G	0.062	0.020
2030	I	0.058	0.019
2031	N	0.057	0.022
2032	Y	0.057	0.021
2033	A	0.053	0.021
2034	D	0.051	0.020
2035	R	0.050	0.020
2036	R	0.045	0.017
2037	W	0.041	0.011
2038	C	0.040	0.012
2039	F	0.045	0.013
2040	D	0.056	0.017
2041	G	0.074	0.028
2042	V	0.096	0.031
2043	K	0.110	0.034
2044	N	0.118	0.047
2045	N	0.132	0.047
2046	Q	0.135	0.045
2047	I	0.123	0.037
2048	L	0.104	0.035
2049	E	0.100	0.034
2050	E	0.107	0.034
2051	N	0.112	0.039
2052	V	0.118	0.051
2053	E	0.112	0.059
2054	V	0.146	0.062
2055	E	0.206	0.085
2056	I	0.258	0.109
2057	W	0.282	0.114
2058	T	0.282	0.116
2059	K	0.325	0.139
2060	E	0.358	0.155
2061	G	0.393	0.162
2062	E	0.379	0.138
2063	R	0.346	0.147
2064	K	0.323	0.158
2065	K	0.294	0.142
2066	L	0.248	0.110
2067	K	0.181	0.078
2068	P	0.144	0.065
2069	R	0.128	0.054
2070	W	0.123	0.051
2071	L	0.118	0.047
2072	D	0.112	0.043
2073	A	0.102	0.031
2074	R	0.098	0.021
2075	I	0.097	0.020
2076	Y	0.098	0.023
2077	S	0.092	0.019
2078	D	0.087	0.018
2079	P	0.086	0.023
2080	L	0.088	0.022
2081	A	0.096	0.027
2082	L	0.104	0.033
2083	K	0.123	0.034
2084	E	0.133	0.041
2085	F	0.181	0.055
2086	K	0.164	0.038
2087	E	0.148	0.033
2088	F	0.176	0.034
2089	A	0.169	0.042
2090	A	0.143	0.033
2091	G	0.084	0.018
2092	R	0.064	0.013
2093	K	0.067	0.013
2094	S	0.067	0.014
2095	L	0.063	0.013
2096	T	0.056	0.014
2097	L	0.060	0.015
2098	N	0.058	0.017
2099	L	0.064	0.017
2100	I	0.079	0.025
2101	T	0.078	0.025
2102	E	0.089	0.027
2103	M	0.092	0.028
2104	G	0.079	0.017
2105	R	0.077	0.017
2106	L	0.077	0.017
2107	P	0.091	0.029
2108	T	0.130	0.051
2109	F	0.128	0.042
2110	M	0.132	0.051
2111	T	0.144	0.055
2112	Q	0.165	0.061
2113	K	0.185	0.065
2114	A	0.163	0.046
2115	R	0.134	0.036
2116	D	0.113	0.030
2117	A	0.106	0.030
2118	L	0.088	0.025
2119	D	0.077	0.025
2120	N	0.085	0.026
2121	L	0.085	0.024
2122	A	0.091	0.036
2123	V	0.122	0.053
2124	L	0.160	0.077
2125	H	0.192	0.088
2126	T	0.238	0.091
2127	A	0.275	0.092
2128	E	0.323	0.108
2129	A	0.337	0.135
2130	G	0.266	0.122
2131	G	0.249	0.123
2132	R	0.266	0.097
2133	A	0.263	0.071
2134	Y	0.268	0.077
2135	N	0.275	0.078
2136	H	0.303	0.104
2137	A	0.314	0.114
2138	L	0.360	0.134
2139	S	0.372	0.127
2140	E	0.387	0.123
2141	L	0.374	0.122
2142	P	0.319	0.129
2143	E	0.296	0.097
2144	T	0.237	0.071
2145	L	0.176	0.058
2146	E	0.150	0.051
2147	T	0.139	0.058
2148	L	0.131	0.053
2149	L	0.118	0.039
2150	L	0.110	0.034
2151	L	0.111	0.034
2152	T	0.119	0.033
2153	L	0.130	0.030
2154	L	0.154	0.038
2155	A	0.177	0.040
2156	T	0.184	0.043
2157	V	0.171	0.036
2158	T	0.159	0.030
2159	G	0.144	0.029
2160	G	0.127	0.024
2161	I	0.119	0.026
2162	F	0.106	0.022
2163	L	0.095	0.027
2164	F	0.088	0.029
2165	L	0.081	0.025
2166	M	0.087	0.022
2167	S	0.098	0.026
2168	G	0.113	0.029
2169	R	0.144	0.051
2170	G	0.173	0.075
2171	I	0.184	0.079
2172	G	0.178	0.090
2173	K	0.174	0.098
2174	M	0.157	0.090
2175	T	0.121	0.062
2176	L	0.099	0.046
2177	G	0.092	0.042
2178	M	0.097	0.045
2179	C	0.099	0.044
2180	C	0.107	0.052
2181	I	0.116	0.059
2182	I	0.125	0.064
2183	T	0.130	0.065
2184	A	0.140	0.071
2185	S	0.138	0.070
2186	I	0.145	0.076
2187	L	0.148	0.081
2188	L	0.157	0.085
2189	W	0.166	0.090
2190	Y	0.166	0.088
2191	A	0.167	0.086
2192	Q	0.171	0.085
2193	I	0.191	0.095
2194	Q	0.187	0.093
2195	P	0.169	0.083
2196	H	0.168	0.088
2197	W	0.175	0.096
2198	I	0.175	0.096
2199	A	0.166	0.090
2200	A	0.161	0.087
2201	S	0.156	0.081
2202	I	0.147	0.068
2203	I	0.150	0.059
2204	L	0.184	0.066
2205	E	0.281	0.146
2206	F	0.587	0.211
2207	F	0.797	0.163
2208	L	0.846	0.147
2209	I	0.778	0.221
2210	V	0.616	0.265
2211	L	0.473	0.228
2212	L	0.392	0.153
2213	I	0.400	0.138
2214	P	0.430	0.138
2215	E	0.582	0.156
2216	P	0.662	0.156
2217	E	0.690	0.150
2218	K	0.707	0.141
2219	Q	0.739	0.107
2220	R	0.713	0.079
2221	T	0.678	0.070
2222	P	0.572	0.109
2223	Q	0.452	0.116
2224	D	0.289	0.052
2225	N	0.200	0.058
2226	Q	0.155	0.043
2227	L	0.129	0.045
2228	T	0.112	0.041
2229	Y	0.110	0.032
2230	V	0.113	0.030
2231	V	0.120	0.035
2232	I	0.126	0.036
2233	A	0.129	0.033
2234	I	0.137	0.047
2235	L	0.114	0.035
2236	T	0.092	0.035
2237	V	0.094	0.041
2238	V	0.091	0.039
2239	A	0.091	0.035
2240	A	0.106	0.041
2241	T	0.133	0.064
2242	M	0.151	0.063
2243	A	0.153	0.045
2244	N	0.149	0.042
2245	E	0.184	0.051
2246	M	0.271	0.057
2247	G	0.300	0.075
2248	F	0.338	0.104
2249	L	0.358	0.108
2250	E	0.362	0.095
2251	K	0.394	0.084
2252	T	0.419	0.070
2253	K	0.383	0.067
2254	K	0.353	0.061
2255	D	0.322	0.047
2256	L	0.289	0.045
2257	G	0.264	0.065
2258	L	0.242	0.076
2259	G	0.234	0.090
2260	S	0.245	0.093
2261	I	0.255	0.093
2262	A	0.239	0.072
2263	T	0.234	0.088
2264	Q	0.239	0.092
2265	Q	0.232	0.085
2266	P	0.217	0.083
2267	E	0.191	0.071
2268	S	0.182	0.061
2269	N	0.162	0.045
2270	I	0.153	0.038
2271	L	0.149	0.038
2272	D	0.142	0.035
2273	I	0.136	0.044
2274	D	0.130	0.043
2275	L	0.123	0.040
2276	R	0.085	0.012
2277	P	0.068	0.009
2278	A	0.064	0.010
2279	S	0.057	0.012
2280	A	0.055	0.016
2281	W	0.059	0.021
2282	T	0.056	0.024
2283	L	0.052	0.022
2284	Y	0.040	0.011
2285	A	0.032	0.006
2286	V	0.033	0.009
2287	A	0.037	0.010
2288	T	0.045	0.011
2289	T	0.058	0.018
2290	F	0.081	0.026
2291	V	0.076	0.026
2292	T	0.076	0.021
2293	P	0.098	0.026
2294	M	0.143	0.040
2295	L	0.170	0.074
2296	R	0.200	0.073
2297	H	0.260	0.093
2298	S	0.337	0.099
2299	I	0.383	0.104
2300	E	0.378	0.115
2301	N	0.401	0.125
2302	S	0.359	0.126
2303	S	0.365	0.146
2304	V	0.382	0.153
2305	N	0.366	0.130
2306	V	0.362	0.125
2307	S	0.338	0.135
2308	L	0.371	0.129
2309	T	0.375	0.118
2310	A	0.356	0.116
2311	I	0.290	0.110
2312	A	0.217	0.078
2313	N	0.187	0.076
2314	Q	0.164	0.067
2315	A	0.134	0.051
2316	T	0.114	0.037
2317	V	0.093	0.021
2318	L	0.084	0.012
2319	M	0.081	0.013
2320	G	0.082	0.011
2321	L	0.097	0.017
2322	G	0.104	0.023
2323	K	0.108	0.024
2324	G	0.121	0.033
2325	W	0.131	0.037
2326	P	0.126	0.042
2327	L	0.130	0.052
2328	S	0.119	0.053
2329	K	0.110	0.047
2330	M	0.105	0.032
2331	D	0.102	0.035
2332	I	0.096	0.030
2333	G	0.090	0.028
2334	V	0.078	0.024
2335	P	0.071	0.024
2336	L	0.079	0.026
2337	L	0.073	0.023
2338	A	0.073	0.025
2339	I	0.074	0.027
2340	G	0.070	0.027
2341	C	0.067	0.025
2342	Y	0.070	0.024
2343	S	0.072	0.027
2344	Q	0.078	0.031
2345	V	0.086	0.038
2346	N	0.085	0.039
2347	P	0.086	0.039
2348	I	0.093	0.039
2349	T	0.095	0.038
2350	L	0.091	0.035
2351	T	0.076	0.025
2352	A	0.066	0.021
2353	A	0.061	0.018
2354	L	0.056	0.016
2355	F	0.054	0.014
2356	L	0.052	0.016
2357	L	0.050	0.018
2358	V	0.054	0.023
2359	A	0.069	0.033
2360	H	0.085	0.035
2361	Y	0.111	0.043
2362	A	0.143	0.059
2363	I	0.223	0.114
2364	I	0.256	0.126
2365	G	0.219	0.084
2366	P	0.225	0.068
2367	G	0.331	0.128
2368	L	0.389	0.168
2369	Q	0.365	0.197
2370	A	0.391	0.202
2371	K	0.439	0.226
2372	A	0.509	0.226
2373	T	0.535	0.181
2374	R	0.578	0.174
2375	E	0.560	0.183
2376	A	0.484	0.164
2377	Q	0.413	0.143
2378	K	0.346	0.106
2379	R	0.315	0.112
2380	A	0.313	0.131
2381	A	0.287	0.118
2382	A	0.286	0.113
2383	G	0.289	0.112
2384	I	0.283	0.109
2385	M	0.239	0.072
2386	K	0.211	0.059
2387	N	0.195	0.050
2388	P	0.152	0.051
2389	T	0.132	0.047
2390	V	0.121	0.040
2391	D	0.102	0.034
2392	G	0.085	0.024
2393	I	0.075	0.019
2394	T	0.063	0.016
2395	V	0.055	0.016
2396	I	0.053	0.014
2397	D	0.052	0.012
2398	L	0.065	0.016
2399	D	0.073	0.019
2400	P	0.088	0.023
2401	I	0.115	0.024
2402	P	0.129	0.032
2403	Y	0.156	0.049
2404	D	0.168	0.056
2405	P	0.160	0.064
2406	K	0.167	0.075
2407	F	0.155	0.062
2408	E	0.126	0.058
2409	K	0.106	0.043
2410	Q	0.086	0.037
2411	L	0.080	0.045
2412	G	0.074	0.046
2413	Q	0.071	0.048
2414	V	0.064	0.043
2415	M	0.062	0.040
2416	L	0.058	0.035
2417	L	0.056	0.031
2418	V	0.054	0.025
2419	L	0.056	0.020
2420	C	0.054	0.017
2421	V	0.056	0.014
2422	T	0.058	0.014
2423	Q	0.062	0.014
2424	V	0.062	0.016
2425	L	0.062	0.016
2426	M	0.062	0.016
2427	M	0.060	0.016
2428	R	0.057	0.017
2429	T	0.056	0.016
2430	T	0.055	0.014
2431	W	0.059	0.017
2432	A	0.056	0.018
2433	L	0.062	0.019
2434	C	0.074	0.026
2435	E	0.075	0.030
2436	A	0.078	0.032
2437	L	0.078	0.028
2438	T	0.081	0.030
2439	L	0.110	0.048
2440	A	0.113	0.053
2441	T	0.130	0.066
2442	G	0.147	0.077
2443	P	0.146	0.074
2444	I	0.179	0.077
2445	S	0.156	0.080
2446	T	0.172	0.089
2447	L	0.174	0.088
2448	W	0.155	0.070
2449	E	0.116	0.045
2450	G	0.109	0.036
2451	N	0.103	0.025
2452	P	0.071	0.010
2453	G	0.061	0.014
2454	R	0.052	0.013
2455	F	0.049	0.013
2456	W	0.049	0.009
2457	N	0.050	0.013
2458	T	0.051	0.016
2459	T	0.052	0.013
2460	I	0.051	0.014
2461	A	0.048	0.016
2462	V	0.051	0.018
2463	S	0.054	0.019
2464	M	0.057	0.017
2465	A	0.060	0.023
2466	N	0.069	0.032
2467	I	0.076	0.038
2468	F	0.072	0.036
2469	R	0.063	0.028
2470	G	0.069	0.033
2471	S	0.069	0.030
2472	Y	0.071	0.026
2473	L	0.076	0.025
2474	A	0.089	0.034
2475	G	0.106	0.036
2476	A	0.115	0.034
2477	G	0.121	0.041
2478	L	0.140	0.058
2479	L	0.155	0.068
2480	F	0.174	0.066
2481	S	0.198	0.054
2482	I	0.265	0.077
2483	M	0.309	0.107
2484	K	0.377	0.143
2485	N	0.452	0.142
2486	T	0.540	0.138
2487	T	0.617	0.104
2488	N	0.610	0.112
2489	T	0.585	0.125
2490	R	0.570	0.118
2491	R	0.509	0.138
2492	G	0.414	0.135
2493	T	0.318	0.103
2494	G	0.275	0.091
2495	N	0.339	0.127
2496	I	0.325	0.129
2497	G	0.290	0.139
2498	E	0.302	0.148
2499	T	0.291	0.125
2500	L	0.260	0.101
2501	G	0.219	0.090
2502	E	0.208	0.088
2503	K	0.218	0.105
2504	W	0.208	0.100
2505	K	0.166	0.058
2506	S	0.162	0.051
2507	R	0.151	0.043
2508	L	0.147	0.038
2509	N	0.143	0.037
2510	A	0.151	0.040
2511	L	0.148	0.040
2512	G	0.134	0.039
2513	K	0.131	0.036
2514	S	0.124	0.042
2515	E	0.137	0.052
2516	F	0.138	0.056
2517	Q	0.142	0.061
2518	I	0.185	0.095
2519	Y	0.216	0.114
2520	K	0.217	0.109
2521	K	0.237	0.128
2522	S	0.259	0.158
2523	G	0.286	0.169
2524	I	0.299	0.167
2525	Q	0.262	0.137
2526	E	0.247	0.124
2527	V	0.234	0.120
2528	D	0.208	0.106
2529	R	0.212	0.099
2530	T	0.232	0.104
2531	L	0.247	0.113
2532	A	0.247	0.113
2533	K	0.249	0.107
2534	E	0.269	0.103
2535	G	0.333	0.139
2536	I	0.407	0.127
2537	K	0.348	0.124
2538	R	0.338	0.122
2539	G	0.292	0.108
2540	E	0.274	0.102
2541	T	0.331	0.101
2542	D	0.366	0.095
2543	H	0.343	0.072
2544	H	0.337	0.056
2545	A	0.332	0.069
2546	V	0.337	0.084
2547	S	0.335	0.087
2548	R	0.352	0.094
2549	G	0.295	0.077
2550	S	0.281	0.083
2551	A	0.229	0.073
2552	K	0.205	0.078
2553	L	0.175	0.057
2554	R	0.143	0.039
2555	W	0.152	0.041
2556	F	0.135	0.033
2557	V	0.118	0.034
2558	E	0.112	0.035
2559	R	0.122	0.048
2560	N	0.131	0.056
2561	M	0.132	0.053
2562	V	0.113	0.048
2563	T	0.096	0.034
2564	P	0.090	0.029
2565	E	0.086	0.030
2566	G	0.085	0.035
2567	K	0.087	0.045
2568	V	0.081	0.041
2569	V	0.069	0.029
2570	D	0.065	0.023
2571	L	0.066	0.020
2572	G	0.062	0.017
2573	C	0.060	0.020
2574	G	0.059	0.021
2575	R	0.062	0.022
2576	G	0.064	0.025
2577	G	0.063	0.025
2578	W	0.069	0.024
2579	S	0.065	0.024
2580	Y	0.072	0.025
2581	Y	0.080	0.028
2582	C	0.090	0.034
2583	G	0.107	0.031
2584	G	0.130	0.036
2585	L	0.171	0.054
2586	K	0.209	0.063
2587	N	0.282	0.095
2588	V	0.334	0.103
2589	R	0.348	0.128
2590	E	0.380	0.159
2591	V	0.483	0.164
2592	K	0.466	0.182
2593	G	0.529	0.199
2594	L	0.535	0.206
2595	T	0.540	0.184
2596	K	0.562	0.148
2597	G	0.566	0.129
2598	G	0.560	0.141
2599	P	0.548	0.150
2600	G	0.630	0.213
2601	H	0.609	0.230
2602	E	0.594	0.245
2603	E	0.610	0.249
2604	P	0.563	0.224
2605	I	0.508	0.180
2606	P	0.360	0.175
2607	M	0.296	0.167
2608	S	0.209	0.115
2609	T	0.150	0.062
2610	Y	0.143	0.053
2611	G	0.103	0.038
2612	W	0.099	0.036
2613	N	0.094	0.030
2614	L	0.095	0.024
2615	V	0.099	0.025
2616	R	0.093	0.020
2617	L	0.110	0.033
2618	Q	0.113	0.038
2619	S	0.112	0.036
2620	G	0.115	0.031
2621	V	0.111	0.033
2622	D	0.110	0.035
2623	V	0.107	0.039
2624	F	0.120	0.050
2625	F	0.127	0.054
2626	I	0.131	0.051
2627	P	0.130	0.050
2628	P	0.150	0.062
2629	E	0.208	0.105
2630	K	0.186	0.082
2631	C	0.196	0.085
2632	D	0.159	0.067
2633	T	0.159	0.075
2634	L	0.185	0.091
2635	L	0.200	0.090
2636	C	0.194	0.079
2637	D	0.227	0.071
2638	I	0.288	0.083
2639	G	0.343	0.101
2640	E	0.409	0.116
2641	S	0.503	0.128
2642	S	0.540	0.150
2643	P	0.501	0.143
2644	N	0.442	0.093
2645	P	0.324	0.067
2646	T	0.241	0.060
2647	V	0.172	0.051
2648	E	0.152	0.042
2649	A	0.151	0.045
2650	G	0.133	0.041
2651	R	0.116	0.041
2652	T	0.103	0.039
2653	L	0.098	0.033
2654	R	0.094	0.032
2655	V	0.091	0.027
2656	L	0.086	0.023
2657	N	0.087	0.024
2658	L	0.082	0.023
2659	V	0.071	0.016
2660	E	0.062	0.018
2661	N	0.059	0.020
2662	W	0.057	0.018
2663	L	0.053	0.013
2664	N	0.055	0.016
2665	N	0.053	0.019
2666	N	0.056	0.022
2667	T	0.053	0.022
2668	Q	0.044	0.020
2669	F	0.041	0.019
2670	C	0.038	0.016
2671	I	0.047	0.016
2672	K	0.054	0.017
2673	V	0.067	0.018
2674	L	0.067	0.019
2675	N	0.070	0.021
2676	P	0.075	0.019
2677	Y	0.090	0.023
2678	M	0.102	0.032
2679	P	0.108	0.038
2680	S	0.159	0.057
2681	V	0.204	0.087
2682	I	0.213	0.095
2683	E	0.184	0.093
2684	K	0.207	0.102
2685	M	0.232	0.108
2686	E	0.218	0.101
2687	A	0.204	0.082
2688	L	0.186	0.058
2689	Q	0.154	0.035
2690	R	0.138	0.047
2691	K	0.125	0.056
2692	Y	0.106	0.043
2693	G	0.086	0.032
2694	G	0.092	0.038
2695	A	0.111	0.057
2696	L	0.132	0.066
2697	V	0.151	0.079
2698	R	0.167	0.095
2699	N	0.190	0.091
2700	P	0.204	0.070
2701	L	0.202	0.051
2702	S	0.170	0.043
2703	R	0.154	0.046
2704	N	0.167	0.043
2705	S	0.162	0.044
2706	T	0.136	0.037
2707	H	0.138	0.045
2708	E	0.137	0.046
2709	M	0.173	0.054
2710	Y	0.215	0.070
2711	W	0.216	0.075
2712	V	0.202	0.071
2713	S	0.195	0.056
2714	N	0.235	0.069
2715	A	0.258	0.090
2716	S	0.255	0.111
2717	G	0.257	0.131
2718	N	0.252	0.113
2719	I	0.227	0.082
2720	V	0.214	0.062
2721	S	0.198	0.071
2722	S	0.188	0.073
2723	V	0.177	0.072
2724	N	0.156	0.059
2725	M	0.164	0.063
2726	I	0.173	0.069
2727	S	0.153	0.057
2728	R	0.163	0.065
2729	M	0.175	0.071
2730	L	0.140	0.058
2731	I	0.139	0.073
2732	N	0.149	0.075
2733	R	0.180	0.084
2734	F	0.206	0.090
2735	T	0.221	0.112
2736	M	0.248	0.123
2737	R	0.239	0.100
2738	Y	0.254	0.078
2739	K	0.250	0.075
2740	K	0.255	0.081
2741	A	0.285	0.069
2742	T	0.319	0.082
2743	Y	0.337	0.082
2744	E	0.312	0.087
2745	P	0.313	0.074
2746	D	0.324	0.078
2747	V	0.329	0.095
2748	D	0.317	0.095
2749	L	0.319	0.095
2750	G	0.266	0.063
2751	S	0.282	0.071
2752	G	0.278	0.073
2753	T	0.287	0.071
2754	R	0.322	0.084
2755	N	0.326	0.085
2756	I	0.330	0.070
2757	G	0.317	0.075
2758	I	0.306	0.084
2759	E	0.272	0.097
2760	S	0.263	0.097
2761	E	0.248	0.089
2762	I	0.231	0.085
2763	P	0.190	0.069
2764	N	0.176	0.071
2765	L	0.163	0.061
2766	D	0.156	0.063
2767	I	0.141	0.056
2768	I	0.136	0.055
2769	G	0.170	0.109
2770	K	0.189	0.131
2771	R	0.229	0.148
2772	I	0.270	0.138
2773	E	0.290	0.145
2774	K	0.325	0.159
2775	I	0.397	0.163
2776	K	0.321	0.157
2777	Q	0.287	0.152
2778	E	0.291	0.165
2779	H	0.282	0.155
2780	E	0.272	0.134
2781	T	0.253	0.105
2782	S	0.262	0.118
2783	W	0.255	0.113
2784	H	0.244	0.117
2785	Y	0.241	0.106
2786	D	0.242	0.083
2787	Q	0.241	0.085
2788	D	0.213	0.085
2789	H	0.191	0.091
2790	P	0.168	0.082
2791	Y	0.148	0.064
2792	K	0.125	0.054
2793	T	0.116	0.044
2794	W	0.132	0.048
2795	A	0.145	0.052
2796	Y	0.158	0.051
2797	H	0.177	0.058
2798	G	0.212	0.068
2799	S	0.254	0.087
2800	Y	0.328	0.102
2801	E	0.376	0.106
2802	T	0.453	0.136
2803	K	0.475	0.152
2804	Q	0.449	0.148
2805	T	0.479	0.143
2806	G	0.486	0.156
2807	S	0.461	0.174
2808	A	0.489	0.185
2809	S	0.454	0.155
2810	S	0.414	0.135
2811	M	0.388	0.147
2812	V	0.336	0.147
2813	N	0.279	0.126
2814	G	0.216	0.092
2815	V	0.137	0.053
2816	V	0.106	0.034
2817	R	0.109	0.029
2818	L	0.123	0.031
2819	L	0.134	0.039
2820	T	0.134	0.038
2821	K	0.134	0.036
2822	P	0.135	0.036
2823	W	0.139	0.035
2824	D	0.143	0.035
2825	V	0.163	0.036
2826	V	0.186	0.042
2827	P	0.197	0.042
2828	M	0.228	0.046
2829	V	0.233	0.048
2830	T	0.258	0.044
2831	Q	0.301	0.047
2832	M	0.344	0.049
2833	A	0.370	0.071
2834	M	0.382	0.067
2835	T	0.347	0.070
2836	D	0.323	0.049
2837	T	0.303	0.039
2838	T	0.309	0.056
2839	P	0.291	0.062
2840	F	0.305	0.070
2841	G	0.295	0.084
2842	Q	0.319	0.090
2843	Q	0.385	0.094
2844	R	0.409	0.118
2845	V	0.486	0.159
2846	F	0.515	0.153
2847	K	0.475	0.133
2848	E	0.531	0.139
2849	K	0.545	0.130
2850	V	0.584	0.104
2851	D	0.594	0.086
2852	T	0.626	0.119
2853	R	0.598	0.135
2854	T	0.626	0.098
2855	Q	0.633	0.091
2856	E	0.612	0.119
2857	P	0.571	0.112
2858	K	0.624	0.106
2859	E	0.624	0.108
2860	G	0.675	0.100
2861	T	0.581	0.143
2862	K	0.569	0.133
2863	K	0.583	0.141
2864	L	0.639	0.120
2865	M	0.612	0.118
2866	K	0.567	0.145
2867	I	0.562	0.164
2868	T	0.553	0.174
2869	A	0.619	0.176
2870	E	0.590	0.176
2871	W	0.586	0.156
2872	L	0.517	0.175
2873	W	0.527	0.164
2874	K	0.521	0.166
2875	E	0.519	0.170
2876	L	0.539	0.160
2877	G	0.559	0.158
2878	K	0.588	0.161
2879	K	0.624	0.150
2880	K	0.592	0.155
2881	T	0.560	0.143
2882	P	0.497	0.146
2883	R	0.517	0.144
2884	M	0.507	0.160
2885	C	0.431	0.128
2886	T	0.376	0.091
2887	R	0.380	0.081
2888	E	0.354	0.080
2889	E	0.365	0.095
2890	F	0.376	0.090
2891	T	0.344	0.095
2892	R	0.319	0.110
2893	K	0.340	0.103
2894	V	0.315	0.099
2895	R	0.292	0.107
2896	S	0.273	0.109
2897	N	0.247	0.096
2898	A	0.230	0.081
2899	A	0.223	0.072
2900	L	0.215	0.059
2901	G	0.208	0.061
2902	A	0.208	0.063
2903	I	0.219	0.059
2904	F	0.207	0.061
2905	T	0.189	0.065
2906	D	0.201	0.085
2907	E	0.228	0.093
2908	N	0.284	0.103
2909	K	0.333	0.104
2910	W	0.386	0.121
2911	K	0.390	0.132
2912	S	0.439	0.147
2913	A	0.450	0.178
2914	R	0.432	0.180
2915	E	0.373	0.158
2916	A	0.321	0.136
2917	V	0.285	0.119
2918	E	0.210	0.088
2919	D	0.181	0.077
2920	S	0.167	0.072
2921	R	0.152	0.065
2922	F	0.147	0.058
2923	W	0.139	0.051
2924	E	0.125	0.037
2925	L	0.116	0.027
2926	V	0.107	0.030
2927	D	0.103	0.028
2928	K	0.105	0.034
2929	E	0.109	0.037
2930	R	0.112	0.035
2931	N	0.111	0.028
2932	L	0.115	0.032
2933	H	0.107	0.034
2934	L	0.101	0.031
2935	E	0.100	0.029
2936	G	0.094	0.029
2937	K	0.086	0.026
2938	C	0.078	0.028
2939	E	0.078	0.027
2940	T	0.085	0.025
2941	C	0.095	0.026
2942	V	0.107	0.029
2943	Y	0.129	0.041
2944	N	0.150	0.053
2945	M	0.217	0.076
2946	M	0.286	0.112
2947	G	0.318	0.127
2948	K	0.394	0.161
2949	R	0.485	0.171
2950	E	0.487	0.169
2951	K	0.453	0.177
2952	K	0.464	0.190
2953	L	0.500	0.181
2954	G	0.541	0.168
2955	E	0.548	0.150
2956	F	0.571	0.141
2957	G	0.512	0.156
2958	K	0.432	0.175
2959	A	0.376	0.147
2960	K	0.337	0.127
2961	G	0.296	0.118
2962	S	0.251	0.123
2963	R	0.179	0.083
2964	A	0.126	0.050
2965	I	0.101	0.033
2966	W	0.088	0.023
2967	Y	0.078	0.022
2968	M	0.068	0.029
2969	W	0.059	0.026
2970	L	0.043	0.016
2971	G	0.037	0.011
2972	A	0.039	0.014
2973	R	0.044	0.018
2974	F	0.052	0.021
2975	L	0.058	0.021
2976	E	0.062	0.024
2977	F	0.073	0.027
2978	E	0.069	0.022
2979	A	0.079	0.025
2980	L	0.099	0.033
2981	G	0.116	0.043
2982	F	0.179	0.064
2983	L	0.224	0.083
2984	N	0.246	0.079
2985	E	0.244	0.076
2986	D	0.233	0.092
2987	H	0.245	0.094
2988	W	0.315	0.094
2989	F	0.326	0.110
2990	S	0.284	0.105
2991	R	0.317	0.125
2992	E	0.371	0.136
2993	N	0.404	0.135
2994	S	0.423	0.151
2995	L	0.445	0.167
2996	S	0.443	0.146
2997	G	0.510	0.138
2998	V	0.477	0.095
2999	E	0.406	0.086
3000	G	0.352	0.090
3001	E	0.287	0.094
3002	G	0.217	0.091
3003	L	0.165	0.085
3004	H	0.127	0.057
3005	K	0.107	0.037
3006	L	0.107	0.036
3007	G	0.112	0.044
3008	Y	0.138	0.052
3009	I	0.145	0.056
3010	L	0.153	0.058
3011	R	0.195	0.082
3012	D	0.270	0.111
3013	V	0.337	0.122
3014	S	0.332	0.125
3015	K	0.303	0.112
3016	K	0.254	0.092
3017	E	0.260	0.090
3018	G	0.238	0.090
3019	G	0.204	0.091
3020	A	0.182	0.075
3021	M	0.191	0.083
3022	Y	0.195	0.066
3023	A	0.187	0.069
3024	D	0.176	0.075
3025	D	0.171	0.076
3026	T	0.182	0.086
3027	A	0.208	0.096
3028	G	0.226	0.088
3029	W	0.237	0.096
3030	D	0.200	0.074
3031	T	0.172	0.066
3032	R	0.175	0.066
3033	I	0.192	0.069
3034	T	0.195	0.068
3035	L	0.205	0.065
3036	E	0.195	0.056
3037	D	0.239	0.051
3038	L	0.296	0.080
3039	K	0.309	0.093
3040	N	0.296	0.101
3041	E	0.255	0.096
3042	E	0.229	0.103
3043	M	0.236	0.100
3044	V	0.222	0.086
3045	T	0.226	0.092
3046	N	0.285	0.122
3047	H	0.304	0.089
3048	M	0.324	0.072
3049	E	0.367	0.088
3050	G	0.413	0.124
3051	E	0.410	0.133
3052	H	0.449	0.173
3053	K	0.441	0.188
3054	K	0.320	0.144
3055	L	0.220	0.087
3056	A	0.159	0.060
3057	E	0.137	0.050
3058	A	0.140	0.057
3059	I	0.153	0.065
3060	F	0.166	0.073
3061	K	0.179	0.087
3062	L	0.255	0.147
3063	T	0.333	0.192
3064	Y	0.361	0.209
3065	Q	0.255	0.127
3066	N	0.212	0.092
3067	K	0.211	0.086
3068	V	0.232	0.100
3069	V	0.247	0.109
3070	R	0.262	0.133
3071	V	0.281	0.144
3072	Q	0.281	0.158
3073	R	0.319	0.163
3074	P	0.345	0.169
3075	T	0.369	0.177
3076	P	0.327	0.165
3077	R	0.337	0.148
3078	G	0.308	0.119
3079	T	0.275	0.122
3080	V	0.227	0.103
3081	M	0.200	0.070
3082	D	0.218	0.089
3083	I	0.243	0.099
3084	I	0.219	0.075
3085	S	0.215	0.079
3086	R	0.249	0.092
3087	R	0.294	0.103
3088	D	0.341	0.110
3089	Q	0.411	0.131
3090	R	0.464	0.129
3091	G	0.433	0.134
3092	S	0.405	0.146
3093	G	0.375	0.130
3094	Q	0.331	0.101
3095	V	0.315	0.080
3096	G	0.266	0.083
3097	T	0.308	0.097
3098	Y	0.361	0.123
3099	G	0.358	0.131
3100	L	0.339	0.125
3101	N	0.307	0.144
3102	T	0.326	0.164
3103	F	0.360	0.174
3104	T	0.359	0.175
3105	N	0.365	0.185
3106	M	0.326	0.175
3107	E	0.285	0.156
3108	A	0.264	0.132
3109	Q	0.246	0.114
3110	L	0.253	0.113
3111	I	0.268	0.126
3112	R	0.274	0.112
3113	Q	0.308	0.133
3114	M	0.324	0.131
3115	E	0.289	0.113
3116	G	0.289	0.127
3117	E	0.277	0.127
3118	G	0.221	0.087
3119	V	0.168	0.062
3120	F	0.132	0.036
3121	K	0.104	0.032
3122	S	0.101	0.026
3123	I	0.103	0.028
3124	Q	0.087	0.026
3125	H	0.084	0.024
3126	L	0.084	0.024
3127	T	0.084	0.024
3128	I	0.090	0.025
3129	T	0.092	0.028
3130	E	0.096	0.030
3131	E	0.099	0.030
3132	I	0.106	0.032
3133	A	0.108	0.035
3134	V	0.100	0.035
3135	Q	0.097	0.039
3136	N	0.099	0.040
3137	W	0.095	0.032
3138	L	0.079	0.027
3139	A	0.073	0.028
3140	R	0.090	0.030
3141	V	0.110	0.034
3142	G	0.116	0.029
3143	R	0.116	0.027
3144	E	0.116	0.029
3145	R	0.152	0.042
3146	L	0.148	0.031
3147	S	0.113	0.023
3148	R	0.112	0.033
3149	M	0.098	0.030
3150	A	0.093	0.025
3151	I	0.099	0.023
3152	S	0.088	0.018
3153	G	0.084	0.020
3154	D	0.094	0.032
3155	D	0.109	0.047
3156	C	0.110	0.031
3157	V	0.097	0.020
3158	V	0.077	0.015
3159	K	0.076	0.013
3160	P	0.094	0.020
3161	L	0.118	0.037
3162	D	0.107	0.035
3163	D	0.106	0.034
3164	R	0.108	0.037
3165	F	0.096	0.028
3166	A	0.075	0.019
3167	S	0.070	0.019
3168	A	0.083	0.027
3169	L	0.098	0.035
3170	T	0.106	0.038
3171	A	0.117	0.046
3172	L	0.123	0.048
3173	N	0.139	0.057
3174	D	0.175	0.077
3175	M	0.226	0.082
3176	G	0.268	0.072
3177	K	0.259	0.071
3178	I	0.267	0.095
3179	R	0.255	0.091
3180	K	0.248	0.081
3181	D	0.261	0.078
3182	I	0.255	0.089
3183	Q	0.261	0.097
3184	Q	0.247	0.095
3185	W	0.255	0.089
3186	E	0.204	0.081
3187	P	0.157	0.058
3188	S	0.134	0.059
3189	R	0.127	0.058
3190	G	0.106	0.037
3191	W	0.102	0.028
3192	N	0.094	0.030
3193	D	0.101	0.035
3194	W	0.100	0.029
3195	T	0.074	0.020
3196	Q	0.059	0.018
3197	V	0.056	0.018
3198	P	0.055	0.017
3199	F	0.057	0.019
3200	C	0.055	0.017
3201	S	0.056	0.018
3202	H	0.067	0.030
3203	H	0.079	0.044
3204	F	0.088	0.047
3205	H	0.088	0.046
3206	E	0.083	0.042
3207	L	0.087	0.038
3208	I	0.080	0.028
3209	M	0.080	0.027
3210	K	0.077	0.025
3211	D	0.076	0.029
3212	G	0.062	0.025
3213	R	0.041	0.010
3214	V	0.031	0.010
3215	L	0.028	0.010
3216	V	0.031	0.012
3217	V	0.037	0.012
3218	P	0.044	0.011
3219	C	0.056	0.011
3220	R	0.058	0.014
3221	N	0.069	0.026
3222	Q	0.083	0.034
3223	D	0.096	0.039
3224	E	0.089	0.031
3225	L	0.074	0.024
3226	I	0.079	0.027
3227	G	0.081	0.032
3228	R	0.102	0.037
3229	A	0.114	0.033
3230	R	0.122	0.041
3231	I	0.115	0.031
3232	S	0.114	0.031
3233	Q	0.114	0.035
3234	G	0.123	0.055
3235	A	0.108	0.045
3236	G	0.100	0.041
3237	W	0.089	0.026
3238	S	0.090	0.027
3239	L	0.105	0.041
3240	R	0.092	0.031
3241	E	0.083	0.029
3242	T	0.082	0.026
3243	A	0.090	0.030
3244	C	0.094	0.037
3245	L	0.084	0.029
3246	G	0.072	0.028
3247	K	0.065	0.026
3248	S	0.058	0.020
3249	Y	0.054	0.013
3250	A	0.050	0.013
3251	Q	0.046	0.014
3252	M	0.043	0.013
3253	W	0.044	0.013
3254	S	0.042	0.011
3255	L	0.044	0.010
3256	M	0.048	0.010
3257	Y	0.055	0.013
3258	F	0.059	0.014
3259	H	0.058	0.015
3260	R	0.059	0.014
3261	R	0.061	0.015
3262	D	0.068	0.016
3263	L	0.070	0.020
3264	R	0.066	0.024
3265	L	0.082	0.026
3266	A	0.078	0.025
3267	A	0.085	0.025
3268	N	0.093	0.032
3269	A	0.105	0.041
3270	I	0.102	0.043
3271	C	0.101	0.044
3272	S	0.111	0.049
3273	A	0.120	0.045
3274	V	0.120	0.046
3275	P	0.096	0.025
3276	S	0.109	0.030
3277	H	0.128	0.046
3278	W	0.167	0.074
3279	V	0.164	0.062
3280	P	0.187	0.073
3281	T	0.207	0.069
3282	S	0.222	0.076
3283	R	0.227	0.086
3284	T	0.188	0.060
3285	T	0.184	0.062
3286	W	0.163	0.056
3287	S	0.154	0.053
3288	I	0.161	0.061
3289	H	0.143	0.046
3290	A	0.125	0.030
3291	K	0.111	0.024
3292	H	0.110	0.027
3293	E	0.126	0.046
3294	W	0.128	0.053
3295	M	0.110	0.049
3296	T	0.094	0.040
3297	T	0.082	0.034
3298	E	0.081	0.038
3299	D	0.071	0.033
3300	M	0.060	0.024
3301	L	0.050	0.021
3302	T	0.046	0.023
3303	V	0.048	0.023
3304	W	0.052	0.022
3305	N	0.055	0.023
3306	R	0.058	0.020
3307	V	0.061	0.020
3308	W	0.089	0.039
3309	I	0.095	0.041
3310	Q	0.105	0.055
3311	E	0.115	0.057
3312	N	0.128	0.052
3313	P	0.152	0.048
3314	W	0.222	0.069
3315	M	0.226	0.085
3316	E	0.249	0.105
3317	D	0.297	0.144
3318	K	0.312	0.159
3319	T	0.293	0.143
3320	P	0.263	0.121
3321	V	0.236	0.124
3322	E	0.182	0.085
3323	S	0.150	0.066
3324	W	0.128	0.058
3325	E	0.105	0.043
3326	E	0.109	0.045
3327	I	0.115	0.048
3328	P	0.114	0.048
3329	Y	0.112	0.049
3330	L	0.095	0.037
3331	G	0.086	0.036
3332	K	0.079	0.028
3333	R	0.068	0.018
3334	E	0.059	0.012
3335	D	0.050	0.013
3336	Q	0.046	0.014
3337	W	0.045	0.015
3338	C	0.043	0.014
3339	G	0.041	0.010
3340	S	0.041	0.011
3341	L	0.043	0.011
3342	I	0.046	0.012
3343	G	0.051	0.014
3344	L	0.067	0.026
3345	T	0.062	0.024
3346	S	0.065	0.024
3347	R	0.060	0.015
3348	A	0.059	0.015
3349	T	0.072	0.020
3350	W	0.067	0.016
3351	A	0.057	0.013
3352	K	0.064	0.017
3353	N	0.067	0.020
3354	I	0.068	0.017
3355	Q	0.073	0.024
3356	A	0.088	0.032
3357	A	0.095	0.036
3358	I	0.097	0.046
3359	N	0.108	0.051
3360	Q	0.118	0.050
3361	V	0.126	0.050
3362	R	0.123	0.052
3363	S	0.133	0.048
3364	L	0.141	0.051
3365	I	0.135	0.050
3366	G	0.135	0.046
3367	N	0.153	0.038
3368	E	0.167	0.041
3369	E	0.196	0.057
3370	Y	0.211	0.073
3371	T	0.197	0.084
3372	D	0.213	0.081
3373	Y	0.248	0.063
3374	M	0.258	0.039
3375	P	0.275	0.044
3376	S	0.367	0.113
3377	M	0.448	0.188
3378	K	0.501	0.213
3379	R	0.550	0.200
3380	F	0.574	0.202
3381	R	0.591	0.176
3382	R	0.784	0.093
3383	E	0.834	0.057
3384	E	0.859	0.074
3385	E	0.866	0.085
3386	E	0.784	0.106
3387	A	0.721	0.162
3388	G	0.817	0.073
3389	V	0.853	0.067
3390	L	0.765	0.111
3391	W	0.703	0.181